10 0.000005
20 0.000005
30 0.000004
40 0.000003
50 0.000004
60 0.000004
70 0.000004
80 0.000005
90 0.000004
100 0.000004
110 0.000004
120 0.000004
130 0.000006
140 0.000006
150 0.000005
160 0.000005
170 0.000005
180 0.000006
190 0.000005
200 0.000005
210 0.000008
220 0.000007
230 0.000009
240 0.000009
250 0.000008
260 0.000007
270 0.000007
280 0.000008
290 0.000008
300 0.000008
310 0.000008
320 0.000009
330 0.000007
340 0.000007
350 0.000009
360 0.000009
370 0.000007
380 0.000006
390 0.000007
400 0.000007
410 0.000007
420 0.000007
430 0.000007
440 0.000008
450 0.000008
460 0.000007
470 0.000008
480 0.000008
490 0.000008
500 0.000011
510 0.000008
520 0.000008
530 0.000008
540 0.000008
550 0.000008
560 0.000008
570 0.000009
580 0.000008
590 0.000008
600 0.000008
610 0.000009
620 0.000009
630 0.000009
640 0.000009
650 0.000010
660 0.000009
670 0.000009
680 0.000010
690 0.000009
700 0.000010
710 0.000010
720 0.000010
730 0.000010
740 0.000010
750 0.000011
760 0.000010
770 0.000010
780 0.000011
790 0.000010
800 0.000011
810 0.000011
820 0.000011
830 0.000011
840 0.000011
850 0.000012
860 0.000011
870 0.000011
880 0.000011
890 0.000011
900 0.000011
910 0.000012
920 0.000012
930 0.000012
940 0.000012
950 0.000012
960 0.000012
970 0.000012
980 0.000012
990 0.000012
1000 0.000013
1010 0.000013
1020 0.000014
1030 0.000013
1040 0.000013
1050 0.000013
1060 0.000013
1070 0.000013
1080 0.000013
1090 0.000014
1100 0.000013
1110 0.000013
1120 0.000014
1130 0.000014
1140 0.000014
1150 0.000014
1160 0.000014
1170 0.000015
1180 0.000014
1190 0.000015
1200 0.000014
1210 0.000015
1220 0.000015
1230 0.000015
1240 0.000018
1250 0.000015
1260 0.000015
1270 0.000015
1280 0.000015
1290 0.000015
1300 0.000015
1310 0.000032
1320 0.000015
1330 0.000016
1340 0.000015
1350 0.000015
1360 0.000016
1370 0.000015
1380 0.000016
1390 0.000016
1400 0.000016
1410 0.000016
1420 0.000016
1430 0.000016
1440 0.000016
1450 0.000017
1460 0.000016
1470 0.000017
1480 0.000017
1490 0.000017
1500 0.000017
1510 0.000017
1520 0.000017
1530 0.000020
1540 0.000017
1550 0.000017
1560 0.000018
1570 0.000017
1580 0.000017
1590 0.000018
1600 0.000017
1610 0.000018
1620 0.000018
1630 0.000019
1640 0.000018
1650 0.000019
1660 0.000019
1670 0.000018
1680 0.000019
1690 0.000019
1700 0.000019
1710 0.000019
1720 0.000019
1730 0.000019
1740 0.000019
1750 0.000019
1760 0.000019
1770 0.000019
1780 0.000019
1790 0.000020
1800 0.000019
1810 0.000019
1820 0.000019
1830 0.000020
1840 0.000020
1850 0.000020
1860 0.000020
1870 0.000021
1880 0.000021
1890 0.000020
1900 0.000029
1910 0.000021
1920 0.000021
1930 0.000021
1940 0.000021
1950 0.000022
1960 0.000034
1970 0.000031
1980 0.000022
1990 0.000021
2000 0.000022
2010 0.000028
2020 0.000022
2030 0.000021
2040 0.000030
2050 0.000021
2060 0.000022
2070 0.000023
2080 0.000022
2090 0.000022
2100 0.000022
2110 0.000022
2120 0.000023
2130 0.000023
2140 0.000023
2150 0.000023
2160 0.000023
2170 0.000023
2180 0.000023
2190 0.000024
2200 0.000023
2210 0.000023
2220 0.000023
2230 0.000024
2240 0.000024
2250 0.000024
2260 0.000024
2270 0.000024
2280 0.000024
2290 0.000024
2300 0.000025
2310 0.000025
2320 0.000025
2330 0.000027
2340 0.000024
2350 0.000025
2360 0.000024
2370 0.000025
2380 0.000025
2390 0.000025
2400 0.000025
2410 0.000025
2420 0.000025
2430 0.000026
2440 0.000025
2450 0.000025
2460 0.000026
2470 0.000025
2480 0.000026
2490 0.000026
2500 0.000026
2510 0.000026
2520 0.000026
2530 0.000026
2540 0.000027
2550 0.000028
2560 0.000026
2570 0.000027
2580 0.000027
2590 0.000027
2600 0.000027
2610 0.000027
2620 0.000027
2630 0.000030
2640 0.000027
2650 0.000027
2660 0.000027
2670 0.000028
2680 0.000031
2690 0.000028
2700 0.000028
2710 0.000029
2720 0.000027
2730 0.000028
2740 0.000028
2750 0.000028
2760 0.000028
2770 0.000029
2780 0.000028
2790 0.000030
2800 0.000028
2810 0.000035
2820 0.000028
2830 0.000029
2840 0.000029
2850 0.000029
2860 0.000029
2870 0.000029
2880 0.000030
2890 0.000029
2900 0.000029
2910 0.000030
2920 0.000029
2930 0.000030
2940 0.000030
2950 0.000030
2960 0.000030
2970 0.000030
2980 0.000030
2990 0.000031
3000 0.000030
3010 0.000031
3020 0.000031
3030 0.000031
3040 0.000031
3050 0.000031
3060 0.000034
3070 0.000032
3080 0.000031
3090 0.000031
3100 0.000031
3110 0.000032
3120 0.000031
3130 0.000032
3140 0.000032
3150 0.000032
3160 0.000032
3170 0.000031
3180 0.000032
3190 0.000032
3200 0.000033
3210 0.000033
3220 0.000033
3230 0.000032
3240 0.000032
3250 0.000033
3260 0.000033
3270 0.000033
3280 0.000033
3290 0.000032
3300 0.000032
3310 0.000032
3320 0.000033
3330 0.000032
3340 0.000033
3350 0.000033
3360 0.000033
3370 0.000032
3380 0.000033
3390 0.000033
3400 0.000033
3410 0.000033
3420 0.000033
3430 0.000034
3440 0.000033
3450 0.000034
3460 0.000034
3470 0.000034
3480 0.000034
3490 0.000034
3500 0.000034
3510 0.000041
3520 0.000034
3530 0.000035
3540 0.000035
3550 0.000035
3560 0.000035
3570 0.000035
3580 0.000038
3590 0.000036
3600 0.000036
3610 0.000036
3620 0.000043
3630 0.000036
3640 0.000035
3650 0.000036
3660 0.000036
3670 0.000035
3680 0.000036
3690 0.000036
3700 0.000036
3710 0.000036
3720 0.000037
3730 0.000036
3740 0.000037
3750 0.000036
3760 0.000037
3770 0.000037
3780 0.000037
3790 0.000037
3800 0.000036
3810 0.000037
3820 0.000037
3830 0.000038
3840 0.000038
3850 0.000039
3860 0.000039
3870 0.000038
3880 0.000037
3890 0.000038
3900 0.000043
3910 0.000042
3920 0.000038
3930 0.000038
3940 0.000038
3950 0.000038
3960 0.000038
3970 0.000039
3980 0.000038
3990 0.000039
4000 0.000038
4010 0.000039
4020 0.000039
4030 0.000038
4040 0.000039
4050 0.000039
4060 0.000039
4070 0.000039
4080 0.000039
4090 0.000050
4100 0.000040
4110 0.000040
4120 0.000040
4130 0.000040
4140 0.000039
4150 0.000040
4160 0.000040
4170 0.000041
4180 0.000040
4190 0.000041
4200 0.000041
4210 0.000040
4220 0.000041
4230 0.000041
4240 0.000041
4250 0.000041
4260 0.000041
4270 0.000041
4280 0.000055
4290 0.000051
4300 0.000041
4310 0.000042
4320 0.000042
4330 0.000041
4340 0.000041
4350 0.000042
4360 0.000042
4370 0.000042
4380 0.000042
4390 0.000042
4400 0.000042
4410 0.000042
4420 0.000043
4430 0.000042
4440 0.000043
4450 0.000043
4460 0.000043
4470 0.000042
4480 0.000042
4490 0.000043
4500 0.000043
4510 0.000043
4520 0.000043
4530 0.000044
4540 0.000044
4550 0.000044
4560 0.000044
4570 0.000043
4580 0.000044
4590 0.000044
4600 0.000046
4610 0.000044
4620 0.000044
4630 0.000044
4640 0.000044
4650 0.000045
4660 0.000044
4670 0.000045
4680 0.000045
4690 0.000044
4700 0.000045
4710 0.000045
4720 0.000045
4730 0.000044
4740 0.000045
4750 0.000045
4760 0.000046
4770 0.000045
4780 0.000046
4790 0.000046
4800 0.000046
4810 0.000045
4820 0.000046
4830 0.000046
4840 0.000046
4850 0.000047
4860 0.000047
4870 0.000046
4880 0.000046
4890 0.000047
4900 0.000047
4910 0.000047
4920 0.000046
4930 0.000045
4940 0.000045
4950 0.000046
4960 0.000046
4970 0.000046
4980 0.000046
4990 0.000046
5000 0.000048
5010 0.000046
5020 0.000047
5030 0.000047
5040 0.000055
5050 0.000047
5060 0.000046
5070 0.000047
5080 0.000046
5090 0.000046
5100 0.000046
5110 0.000050
5120 0.000048
5130 0.000048
5140 0.000048
5150 0.000063
5160 0.000047
5170 0.000046
5180 0.000047
5190 0.000046
5200 0.000046
5210 0.000046
5220 0.000047
5230 0.000047
5240 0.000046
5250 0.000046
5260 0.000047
5270 0.000047
5280 0.000047
5290 0.000061
5300 0.000046
5310 0.000046
5320 0.000047
5330 0.000046
5340 0.000046
5350 0.000047
5360 0.000047
5370 0.000046
5380 0.000047
5390 0.000047
5400 0.000047
5410 0.000046
5420 0.000047
5430 0.000047
5440 0.000047
5450 0.000047
5460 0.000047
5470 0.000048
5480 0.000048
5490 0.000047
5500 0.000048
5510 0.000048
5520 0.000060
5530 0.000046
5540 0.000046
5550 0.000047
5560 0.000047
5570 0.000047
5580 0.000047
5590 0.000047
5600 0.000047
5610 0.000047
5620 0.000049
5630 0.000048
5640 0.000048
5650 0.000047
5660 0.000047
5670 0.000047
5680 0.000047
5690 0.000048
5700 0.000048
5710 0.000048
5720 0.000049
5730 0.000048
5740 0.000061
5750 0.000047
5760 0.000047
5770 0.000047
5780 0.000047
5790 0.000047
5800 0.000048
5810 0.000047
5820 0.000047
5830 0.000046
5840 0.000056
5850 0.000047
5860 0.000047
5870 0.000047
5880 0.000046
5890 0.000047
5900 0.000046
5910 0.000046
5920 0.000046
5930 0.000046
5940 0.000086
5950 0.000050
5960 0.000068
5970 0.000046
5980 0.000046
5990 0.000045
6000 0.000045
6010 0.000046
6020 0.000045
6030 0.000046
6040 0.000046
6050 0.000046
6060 0.000046
6070 0.000046
6080 0.000046
6090 0.000046
6100 0.000046
6110 0.000092
6120 0.000047
6130 0.000047
6140 0.000049
6150 0.000047
6160 0.000046
6170 0.000047
6180 0.000047
6190 0.000047
6200 0.000047
6210 0.000047
6220 0.000047
6230 0.000047
6240 0.000047
6250 0.000047
6260 0.000048
6270 0.000047
6280 0.000047
6290 0.000048
6300 0.000047
6310 0.000048
6320 0.000048
6330 0.000048
6340 0.000048
6350 0.000048
6360 0.000048
6370 0.000048
6380 0.000048
6390 0.000048
6400 0.000049
6410 0.000049
6420 0.000048
6430 0.000048
6440 0.000049
6450 0.000049
6460 0.000049
6470 0.000049
6480 0.000049
6490 0.000049
6500 0.000049
6510 0.000050
6520 0.000049
6530 0.000049
6540 0.000050
6550 0.000049
6560 0.000050
6570 0.000050
6580 0.000050
6590 0.000050
6600 0.000050
6610 0.000050
6620 0.000050
6630 0.000050
6640 0.000050
6650 0.000051
6660 0.000050
6670 0.000050
6680 0.000050
6690 0.000066
6700 0.000050
6710 0.000051
6720 0.000051
6730 0.000051
6740 0.000050
6750 0.000051
6760 0.000051
6770 0.000051
6780 0.000051
6790 0.000051
6800 0.000051
6810 0.000052
6820 0.000052
6830 0.000051
6840 0.000051
6850 0.000052
6860 0.000052
6870 0.000052
6880 0.000052
6890 0.000052
6900 0.000052
6910 0.000052
6920 0.000052
6930 0.000052
6940 0.000052
6950 0.000052
6960 0.000088
6970 0.000053
6980 0.000053
6990 0.000052
7000 0.000053
7010 0.000053
7020 0.000053
7030 0.000053
7040 0.000053
7050 0.000053
7060 0.000053
7070 0.000053
7080 0.000053
7090 0.000053
7100 0.000053
7110 0.000053
7120 0.000053
7130 0.000054
7140 0.000054
7150 0.000055
7160 0.000055
7170 0.000054
7180 0.000054
7190 0.000054
7200 0.000055
7210 0.000054
7220 0.000054
7230 0.000055
7240 0.000055
7250 0.000055
7260 0.000055
7270 0.000054
7280 0.000055
7290 0.000055
7300 0.000055
7310 0.000055
7320 0.000055
7330 0.000055
7340 0.000055
7350 0.000055
7360 0.000055
7370 0.000056
7380 0.000055
7390 0.000055
7400 0.000056
7410 0.000056
7420 0.000055
7430 0.000056
7440 0.000056
7450 0.000056
7460 0.000056
7470 0.000056
7480 0.000085
7490 0.000056
7500 0.000057
7510 0.000056
7520 0.000056
7530 0.000056
7540 0.000056
7550 0.000056
7560 0.000057
7570 0.000056
7580 0.000057
7590 0.000057
7600 0.000057
7610 0.000057
7620 0.000057
7630 0.000057
7640 0.000057
7650 0.000057
7660 0.000058
7670 0.000059
7680 0.000058
7690 0.000058
7700 0.000058
7710 0.000058
7720 0.000078
7730 0.000058
7740 0.000088
7750 0.000058
7760 0.000058
7770 0.000058
7780 0.000058
7790 0.000058
7800 0.000082
7810 0.000110
7820 0.000061
7830 0.000082
7840 0.000071
7850 0.000084
7860 0.000067
7870 0.000093
7880 0.000059
7890 0.000059
7900 0.000059
7910 0.000060
7920 0.000060
7930 0.000095
7940 0.000060
7950 0.000060
7960 0.000060
7970 0.000060
7980 0.000060
7990 0.000060
8000 0.000060
8010 0.000060
8020 0.000060
8030 0.000060
8040 0.000061
8050 0.000060
8060 0.000061
8070 0.000061
8080 0.000061
8090 0.000060
8100 0.000061
8110 0.000061
8120 0.000061
8130 0.000060
8140 0.000061
8150 0.000061
8160 0.000061
8170 0.000061
8180 0.000064
8190 0.000061
8200 0.000062
8210 0.000062
8220 0.000062
8230 0.000061
8240 0.000062
8250 0.000062
8260 0.000062
8270 0.000062
8280 0.000062
8290 0.000062
8300 0.000062
8310 0.000062
8320 0.000062
8330 0.000062
8340 0.000063
8350 0.000062
8360 0.000062
8370 0.000063
8380 0.000062
8390 0.000098
8400 0.000063
8410 0.000063
8420 0.000063
8430 0.000063
8440 0.000063
8450 0.000064
8460 0.000063
8470 0.000063
8480 0.000064
8490 0.000063
8500 0.000063
8510 0.000064
8520 0.000064
8530 0.000064
8540 0.000064
8550 0.000064
8560 0.000064
8570 0.000064
8580 0.000099
8590 0.000104
8600 0.000084
8610 0.000120
8620 0.000154
8630 0.000080
8640 0.000065
8650 0.000065
8660 0.000065
8670 0.000065
8680 0.000084
8690 0.000065
8700 0.000071
8710 0.000065
8720 0.000066
8730 0.000066
8740 0.000066
8750 0.000065
8760 0.000066
8770 0.000066
8780 0.000066
8790 0.000069
8800 0.000066
8810 0.000066
8820 0.000067
8830 0.000066
8840 0.000066
8850 0.000067
8860 0.000066
8870 0.000082
8880 0.000067
8890 0.000067
8900 0.000066
8910 0.000067
8920 0.000067
8930 0.000067
8940 0.000067
8950 0.000067
8960 0.000067
8970 0.000067
8980 0.000067
8990 0.000067
9000 0.000083
9010 0.000068
9020 0.000068
9030 0.000068
9040 0.000067
9050 0.000068
9060 0.000068
9070 0.000068
9080 0.000067
9090 0.000068
9100 0.000069
9110 0.000069
9120 0.000068
9130 0.000068
9140 0.000069
9150 0.000069
9160 0.000069
9170 0.000069
9180 0.000069
9190 0.000069
9200 0.000069
9210 0.000071
9220 0.000069
9230 0.000069
9240 0.000069
9250 0.000069
9260 0.000069
9270 0.000069
9280 0.000070
9290 0.000070
9300 0.000069
9310 0.000069
9320 0.000070
9330 0.000070
9340 0.000070
9350 0.000089
9360 0.000070
9370 0.000071
9380 0.000070
9390 0.000070
9400 0.000072
9410 0.000070
9420 0.000071
9430 0.000070
9440 0.000071
9450 0.000071
9460 0.000071
9470 0.000070
9480 0.000071
9490 0.000071
9500 0.000071
9510 0.000071
9520 0.000071
9530 0.000071
9540 0.000072
9550 0.000072
9560 0.000071
9570 0.000071
9580 0.000072
9590 0.000072
9600 0.000110
9610 0.000072
9620 0.000072
9630 0.000072
9640 0.000072
9650 0.000072
9660 0.000073
9670 0.000073
9680 0.000073
9690 0.000073
9700 0.000073
9710 0.000073
9720 0.000074
9730 0.000073
9740 0.000073
9750 0.000073
9760 0.000073
9770 0.000073
9780 0.000073
9790 0.000075
9800 0.000073
9810 0.000074
9820 0.000074
9830 0.000074
9840 0.000074
9850 0.000074
9860 0.000074
9870 0.000074
9880 0.000074
9890 0.000074
9900 0.000074
9910 0.000074
9920 0.000074
9930 0.000074
9940 0.000074
9950 0.000075
9960 0.000075
9970 0.000075
9980 0.000095
9990 0.000075
10000 0.000074
