100 16
200 60
300 132
400 236
500 410
600 554
700 710
800 925
900 1184
1000 1336
1100 1656
1200 1896
1300 2264
1400 2570
1500 2897
1600 3375
1700 3763
1800 4221
1900 4516
2000 4900
2100 5157
2200 5297
2300 5937
2400 6066
2500 7084
2600 7179
2700 8167
2800 8279
2900 8881
3000 9528
3100 10170
3200 10843
3300 11522
3400 12239
3500 12939
3600 13691
3700 14514
3800 15997
3900 16105
4000 16987
4100 17874
4200 18691
4300 19852
4400 20561
4500 21463
4600 22355
4700 23406
4800 24649
4900 25396
5000 26466
5100 27740
5200 29786
5300 30022
5400 32767
5500 34965
5600 33362
5700 34696
5800 35847
5900 36874
6000 38217
6100 39840
6200 40669
6300 42050
6400 43521
6500 44847
6600 46117
6700 48385
6800 49406
6900 51266
7000 52584
7100 53556
7200 54940
7300 56419
7400 57695
7500 59513
7600 61614
7700 63362
7800 64413
7900 65878
8000 68808
8100 69514
8200 71363
8300 73077
8400 74748
8500 76917
8600 78295
8700 79968
8800 83034
8900 83877
9000 86686
9100 87721
9200 89832
9300 90591
9400 93240
9500 96216
9600 98203
9700 99493
9800 101415
9900 103954
10000 109160
