100 1
200 1
300 1
400 2
500 3
600 4
700 4
800 5
900 6
1000 6
1100 7
1200 7
1300 8
1400 8
1500 9
1600 9
1700 9
1800 8
1900 8
2000 8
2100 9
2200 8
2300 9
2400 10
2500 24
2600 11
2700 12
2800 12
2900 13
3000 13
3100 14
3200 14
3300 15
3400 14
3500 16
3600 16
3700 17
3800 17
3900 17
4000 17
4100 18
4200 18
4300 19
4400 20
4500 20
4600 20
4700 21
4800 21
4900 21
5000 22
5100 23
5200 23
5300 23
5400 23
5500 24
5600 24
5700 25
5800 25
5900 26
6000 26
6100 26
6200 27
6300 27
6400 28
6500 29
6600 29
6700 29
6800 29
6900 30
7000 31
7100 31
7200 31
7300 31
7400 32
7500 33
7600 33
7700 34
7800 34
7900 34
8000 35
8100 36
8200 36
8300 36
8400 37
8500 37
8600 37
8700 38
8800 38
8900 39
9000 39
9100 52
9200 47
9300 41
9400 41
9500 41
9600 42
9700 42
9800 44
9900 43
10000 44
