100 9
200 33
300 72
400 128
500 230
600 287
700 384
800 485
900 612
1000 779
1100 948
1200 999
1300 1186
1400 1350
1500 1503
1600 1749
1700 1982
1800 2235
1900 2373
2000 2645
2100 2884
2200 3215
2300 3488
2400 3713
2500 4045
2600 4233
2700 4217
2800 4192
2900 4575
3000 4904
3100 5107
3200 5453
3300 6001
3400 6059
3500 6762
3600 7357
3700 7659
3800 7843
3900 8228
4000 8541
4100 8989
4200 9358
4300 9750
4400 10404
4500 10801
4600 11443
4700 11629
4800 12146
4900 12771
5000 13206
5100 13974
5200 14167
5300 14881
5400 15303
5500 16147
5600 16808
5700 17515
5800 18193
5900 18413
6000 19251
6100 20030
6200 20487
6300 20971
6400 21587
6500 23008
6600 24105
6700 23810
6800 26043
6900 27914
7000 26457
7100 26769
7200 27716
7300 28913
7400 29056
7500 29719
7600 31016
7700 32148
7800 32530
7900 33420
8000 34179
8100 34880
8200 35934
8300 36782
8400 37738
8500 39072
8600 38937
8700 41065
8800 40872
8900 41793
9000 44379
9100 44044
9200 44654
9300 45651
9400 46871
9500 48255
9600 48966
9700 49661
9800 51153
9900 51996
10000 53894
