100 13
110 12
120 13
130 14
140 15
150 17
160 17
170 20
180 22
190 27
200 26
210 26
220 53
230 28
240 28
250 31
260 35
270 32
280 35
290 34
300 34
310 37
320 38
330 39
340 40
350 44
360 60
370 49
380 50
390 51
400 54
410 56
420 57
430 59
440 61
450 62
460 64
470 67
480 65
490 69
500 68
510 70
520 76
530 75
540 77
550 79
560 80
570 92
580 83
590 84
600 85
610 87
620 87
630 88
640 90
650 91
660 94
670 96
680 98
690 100
700 101
710 110
720 89
730 89
740 91
750 92
760 93
770 94
780 97
790 97
800 99
810 101
820 102
830 104
840 105
850 109
860 109
870 110
880 111
890 114
900 113
910 115
920 116
930 123
940 122
950 122
960 122
970 125
980 125
990 136
1000 128
1010 130
1020 131
1030 133
1040 134
1050 138
1060 139
1070 145
1080 145
1090 143
1100 144
1110 145
1120 147
1130 147
1140 150
1150 151
1160 152
1170 154
1180 170
1190 156
1200 158
1210 160
1220 160
1230 162
1240 162
1250 165
1260 167
1270 166
1280 167
1290 174
1300 171
1310 176
1320 175
1330 176
1340 177
1350 178
1360 179
1370 183
1380 184
1390 190
1400 186
1410 188
1420 190
1430 190
1440 193
1450 193
1460 194
1470 197
1480 196
1490 197
1500 208
1510 195
1520 195
1530 195
1540 198
1550 201
1560 202
1570 211
1580 206
1590 237
1600 210
1610 211
1620 212
1630 213
1640 215
1650 217
1660 218
1670 220
1680 221
1690 223
1700 225
1710 228
1720 227
1730 238
1740 234
1750 234
1760 236
1770 238
1780 252
1790 241
1800 246
1810 240
1820 243
1830 243
1840 246
1850 247
1860 248
1870 250
1880 262
1890 254
1900 253
1910 258
1920 258
1930 260
1940 261
1950 261
1960 263
1970 265
1980 268
1990 283
2000 269
2010 274
2020 271
2030 273
2040 272
2050 275
2060 276
2070 279
2080 281
2090 284
2100 285
2110 287
2120 291
2130 291
2140 305
2150 294
2160 296
2170 298
2180 299
2190 301
2200 302
2210 303
2220 298
2230 300
2240 300
2250 301
2260 306
2270 317
2280 295
2290 296
2300 297
2310 306
2320 306
2330 302
2340 303
2350 305
2360 305
2370 308
2380 312
2390 320
2400 302
2410 306
2420 307
2430 306
2440 309
2450 312
2460 311
2470 313
2480 322
2490 309
2500 307
2510 315
2520 301
2530 301
2540 308
2550 296
2560 296
2570 308
2580 293
2590 294
2600 305
2610 330
2620 333
2630 293
2640 295
2650 296
2660 339
2670 466
2680 301
2690 301
2700 302
2710 303
2720 309
2730 307
2740 307
2750 309
2760 311
2770 311
2780 313
2790 315
2800 317
2810 319
2820 319
2830 322
2840 321
2850 323
2860 324
2870 324
2880 326
2890 326
2900 328
2910 330
2920 330
2930 331
2940 331
2950 334
2960 336
2970 336
2980 337
2990 338
3000 338
3010 340
3020 342
3030 342
3040 341
3050 345
3060 345
3070 344
3080 347
3090 350
3100 350
3110 361
3120 390
3130 355
3140 356
3150 362
3160 359
3170 360
3180 363
3190 364
3200 364
3210 365
3220 369
3230 368
3240 382
3250 376
3260 374
3270 372
3280 459
3290 427
3300 458
3310 380
3320 381
3330 383
3340 434
3350 386
3360 386
3370 389
3380 392
3390 394
3400 395
3410 397
3420 398
3430 439
3440 605
3450 653
3460 457
3470 405
3480 442
3490 406
3500 432
3510 419
3520 421
3530 430
3540 411
3550 409
3560 410
3570 410
3580 411
3590 415
3600 414
3610 416
3620 417
3630 420
3640 422
3650 423
3660 424
3670 431
3680 430
3690 430
3700 431
3710 433
3720 434
3730 437
3740 436
3750 438
3760 443
3770 440
3780 444
3790 444
3800 446
3810 448
3820 446
3830 448
3840 451
3850 454
3860 453
3870 454
3880 454
3890 454
3900 456
3910 459
3920 462
3930 461
3940 462
3950 463
3960 465
3970 464
3980 468
3990 469
4000 468
4010 469
4020 472
4030 472
4040 474
4050 474
4060 475
4070 479
4080 478
4090 479
4100 478
4110 481
4120 484
4130 485
4140 488
4150 490
4160 491
4170 493
4180 494
4190 496
4200 497
4210 499
4220 499
4230 501
4240 502
4250 505
4260 507
4270 508
4280 507
4290 510
4300 512
4310 515
4320 515
4330 514
4340 517
4350 517
4360 525
4370 522
4380 523
4390 524
4400 526
4410 527
4420 531
4430 532
4440 533
4450 534
4460 535
4470 539
4480 538
4490 543
4500 540
4510 540
4520 542
4530 542
4540 544
4550 546
4560 584
4570 549
4580 547
4590 549
4600 546
4610 552
4620 551
4630 552
4640 553
4650 554
4660 558
4670 557
4680 559
4690 598
4700 562
4710 564
4720 565
4730 567
4740 643
4750 606
4760 571
4770 572
4780 573
4790 575
4800 574
4810 580
4820 580
4830 633
4840 579
4850 580
4860 583
4870 583
4880 588
4890 587
4900 589
4910 589
4920 589
4930 596
4940 592
4950 596
4960 595
4970 596
4980 598
4990 601
5000 600
5010 603
5020 601
5030 602
5040 601
5050 654
5060 606
5070 606
5080 605
5090 608
5100 609
5110 610
5120 611
5130 611
5140 612
5150 616
5160 617
5170 621
5180 623
5190 625
5200 625
5210 667
5220 629
5230 698
5240 629
5250 701
5260 633
5270 633
5280 670
5290 637
5300 638
5310 639
5320 641
5330 641
5340 700
5350 646
5360 646
5370 649
5380 648
5390 686
5400 653
5410 653
5420 654
5430 656
5440 656
5450 662
5460 657
5470 659
5480 664
5490 666
5500 722
5510 667
5520 667
5530 670
5540 749
5550 676
5560 675
5570 675
5580 678
5590 679
5600 683
5610 684
5620 682
5630 684
5640 687
5650 688
5660 694
5670 691
5680 693
5690 695
5700 697
5710 702
5720 697
5730 699
5740 698
5750 699
5760 704
5770 702
5780 702
5790 705
5800 704
5810 712
5820 709
5830 707
5840 710
5850 712
5860 714
5870 713
5880 713
5890 714
5900 718
5910 717
5920 718
5930 719
5940 723
5950 723
5960 722
5970 726
5980 726
5990 728
6000 731
6010 732
6020 733
6030 734
6040 732
6050 733
6060 736
6070 838
6080 738
6090 737
6100 740
6110 739
6120 741
6130 742
6140 812
6150 743
6160 748
6170 748
6180 752
6190 753
6200 753
6210 757
6220 759
6230 760
6240 760
6250 762
6260 764
6270 764
6280 769
6290 769
6300 808
6310 772
6320 771
6330 773
6340 786
6350 781
6360 778
6370 781
6380 781
6390 784
6400 785
6410 788
6420 789
6430 790
6440 790
6450 791
6460 794
6470 980
6480 800
6490 797
6500 799
6510 800
6520 801
6530 807
6540 806
6550 807
6560 808
6570 813
6580 810
6590 814
6600 813
6610 817
6620 816
6630 819
6640 816
6650 819
6660 822
6670 823
6680 825
6690 827
6700 833
6710 828
6720 831
6730 832
6740 836
6750 838
6760 837
6770 841
6780 840
6790 844
6800 844
6810 845
6820 846
6830 857
6840 851
6850 854
6860 854
6870 860
6880 859
6890 858
6900 860
6910 860
6920 871
6930 867
6940 865
6950 869
6960 869
6970 870
6980 874
6990 872
7000 911
7010 874
7020 877
7030 876
7040 882
7050 879
7060 881
7070 882
7080 886
7090 888
7100 887
7110 885
7120 882
7130 881
7140 884
7150 883
7160 888
7170 888
7180 886
7190 885
7200 893
7210 896
7220 894
7230 897
7240 902
7250 901
7260 903
7270 904
7280 978
7290 907
7300 910
7310 910
7320 912
7330 915
7340 915
7350 917
7360 920
7370 922
7380 919
7390 924
7400 939
7410 926
7420 930
7430 930
7440 940
7450 935
7460 936
7470 937
7480 940
7490 939
7500 941
7510 943
7520 944
7530 942
7540 945
7550 946
7560 951
7570 949
7580 951
7590 957
7600 955
7610 957
7620 960
7630 959
7640 963
7650 963
7660 963
7670 966
7680 964
7690 967
7700 967
7710 971
7720 970
7730 975
7740 977
7750 976
7760 976
7770 978
7780 982
7790 981
7800 982
7810 984
7820 987
7830 984
7840 991
7850 992
7860 991
7870 994
7880 994
7890 995
7900 998
7910 996
7920 997
7930 995
7940 995
7950 999
7960 1004
7970 1047
7980 1003
7990 1004
8000 1071
8010 1008
8020 1008
8030 1071
8040 1011
8050 1008
8060 1011
8070 1077
8080 1014
8090 1012
8100 1078
8110 1018
8120 1019
8130 1018
8140 1059
8150 1023
8160 1022
8170 1060
8180 1024
8190 1028
8200 1028
8210 1068
8220 1034
8230 1035
8240 1073
8250 1040
8260 1041
8270 1044
8280 1045
8290 1049
8300 1053
8310 1098
8320 1051
8330 1054
8340 1057
8350 1060
8360 1060
8370 1061
8380 1066
8390 1064
8400 1069
8410 1068
8420 1071
8430 1105
8440 1112
8450 1073
8460 1078
8470 1076
8480 1082
8490 1078
8500 1081
8510 1083
8520 1081
8530 1085
8540 1088
8550 1128
8560 1089
8570 1243
8580 1182
8590 1199
8600 1132
8610 1291
8620 1253
8630 1137
8640 1170
8650 1104
8660 1105
8670 1163
8680 1144
8690 1109
8700 1146
8710 1113
8720 1114
8730 1152
8740 1118
8750 1121
8760 1138
8770 1124
8780 1125
8790 1125
8800 1131
8810 1130
8820 1131
8830 1136
8840 1133
8850 1134
8860 1141
8870 1136
8880 1139
8890 1142
8900 1140
8910 1145
8920 1147
8930 1148
8940 1152
8950 1150
8960 1151
8970 1157
8980 1153
8990 1155
9000 1157
9010 1157
9020 1168
9030 1231
9040 1158
9050 1205
9060 1165
9070 1163
9080 1165
9090 1165
9100 1166
9110 1176
9120 1190
9130 1362
9140 1436
9150 1468
9160 1598
9170 1261
9180 1449
9190 1344
9200 1212
9210 1209
9220 1264
9230 1212
9240 1557
9250 1275
9260 1426
9270 1319
9280 1213
9290 1221
9300 1333
9310 1216
9320 1275
9330 1347
9340 1223
9350 1224
9360 1270
9370 1234
9380 1203
9390 1257
9400 1310
9410 1274
9420 1473
9430 1465
9440 1560
9450 1296
9460 1254
9470 1279
9480 1221
9490 1217
9500 1219
9510 1220
9520 1373
9530 1344
9540 1613
9550 1273
9560 1600
9570 1229
9580 1298
9590 1233
9600 1238
9610 1237
9620 1233
9630 1340
9640 1278
9650 1543
9660 1306
9670 1562
9680 1246
9690 1278
9700 1247
9710 1282
9720 1250
9730 1251
9740 1292
9750 1391
9760 1561
9770 1397
9780 1395
9790 1551
9800 1261
9810 1260
9820 1326
9830 1266
9840 1265
9850 1365
9860 1417
9870 1704
9880 1293
9890 1622
9900 1331
9910 1273
9920 1272
9930 1320
9940 1277
9950 1337
9960 1396
9970 1410
9980 1523
9990 1283
10000 1522
