100 8
200 15
300 23
400 31
500 42
600 51
700 61
800 68
900 79
1000 87
1100 116
1200 120
1300 141
1400 139
1500 149
1600 162
1700 180
1800 188
1900 198
2000 207
2100 219
2200 235
2300 243
2400 253
2500 268
2600 278
2700 293
2800 291
2900 284
3000 297
3100 336
3200 328
3300 332
3400 376
3500 399
3600 425
3700 425
3800 449
3900 447
4000 463
4100 475
4200 480
4300 477
4400 502
4500 493
4600 470
4700 478
4800 488
4900 499
5000 501
5100 515
5200 536
5300 538
5400 543
5500 553
5600 566
5700 573
5800 593
5900 642
6000 606
6100 620
6200 634
6300 695
6400 663
6500 654
6600 683
6700 683
6800 701
6900 716
7000 717
7100 745
7200 746
7300 728
7400 737
7500 774
7600 760
7700 743
7800 779
7900 779
8000 788
8100 795
8200 792
8300 781
8400 774
8500 763
8600 743
8700 818
8800 739
8900 752
9000 802
9100 859
9200 787
9300 799
9400 888
9500 867
9600 822
9700 822
9800 851
9900 889
10000 868
