100 16
110 33
120 22
130 25
140 31
150 35
160 39
170 43
180 47
190 97
200 58
210 64
220 69
230 74
240 82
250 87
260 107
270 98
280 107
290 112
300 121
310 129
320 136
330 145
340 153
350 172
360 169
370 180
380 189
390 198
400 209
410 220
420 231
430 241
440 251
450 261
460 273
470 286
480 296
490 307
500 344
510 345
520 357
530 370
540 418
550 440
560 465
570 474
580 499
590 532
600 556
610 538
620 564
630 566
640 587
650 553
660 588
670 566
680 581
690 598
700 616
710 615
720 631
730 650
740 665
750 683
760 702
770 727
780 803
790 757
800 774
810 814
820 821
830 839
840 852
850 872
860 892
870 912
880 951
890 954
900 974
910 998
920 1019
930 1031
940 1031
950 1049
960 1045
970 1065
980 1099
990 1081
1000 1106
1010 1093
1020 1110
1030 1111
1040 1088
1050 1082
1060 1107
1070 1108
1080 1162
1090 1148
1100 1238
1110 1190
1120 1211
1130 1266
1140 1253
1150 1276
1160 1333
1170 1320
1180 1340
1190 1402
1200 1388
1210 1687
1220 1537
1230 1493
1240 1520
1250 1644
1260 1671
1270 1589
1280 1573
1290 1672
1300 1624
1310 1649
1320 1748
1330 1711
1340 1784
1350 1790
1360 1834
1370 1798
1380 1863
1390 1895
1400 1923
1410 1950
1420 1983
1430 2006
1440 2109
1450 2014
1460 2133
1470 2104
1480 2187
1490 2149
1500 2247
1510 2245
1520 2300
1530 2333
1540 2321
1550 2350
1560 2380
1570 2449
1580 2444
1590 2470
1600 2512
1610 2535
1620 2576
1630 2589
1640 2633
1650 2658
1660 2693
1670 2724
1680 2755
1690 2788
1700 2823
1710 2851
1720 2884
1730 2921
1740 2955
1750 2992
1760 3016
1770 3058
1780 3090
1790 3123
1800 3156
1810 3236
1820 3227
1830 3263
1840 3297
1850 3330
1860 3369
1870 3402
1880 3440
1890 3481
1900 3514
1910 3552
1920 3636
1930 3625
1940 3698
1950 3997
1960 3787
1970 3809
1980 3852
1990 3898
2000 3890
2010 3930
2020 3968
2030 4008
2040 4044
2050 4083
2060 4123
2070 4163
2080 4201
2090 4242
2100 4285
2110 4322
2120 4366
2130 4407
2140 4443
2150 4488
2160 4567
2170 4573
2180 4614
2190 4744
2200 4739
2210 4778
2220 4819
2230 4899
2240 4870
2250 4911
2260 4951
2270 4999
2280 5039
2290 5086
2300 5129
2310 5169
2320 5220
2330 5262
2340 5311
2350 5351
2360 5399
2370 5526
2380 5565
2390 5607
2400 5575
2410 5623
2420 5670
2430 5715
2440 5770
2450 5844
2460 5889
2470 5970
2480 6050
2490 6181
2500 6128
2510 6132
2520 6215
2530 6284
2540 6240
2550 6324
2560 6340
2570 6392
2580 6439
2590 6489
2600 6544
2610 6876
2620 6711
2630 6774
2640 6814
2650 6839
2660 6879
2670 6932
2680 6955
2690 6997
2700 7048
2710 7206
2720 7227
2730 7276
2740 7301
2750 7305
2760 7372
2770 7454
2780 7506
2790 7515
2800 7567
2810 7620
2820 7684
2830 7734
2840 7781
2850 7844
2860 7931
2870 7952
2880 8007
2890 8065
2900 8119
2910 8221
2920 8229
2930 8287
2940 8346
2950 8395
2960 8531
2970 8630
2980 8566
2990 8626
3000 8683
3010 8741
3020 8794
3030 8854
3040 8914
3050 8968
3060 9037
3070 9087
3080 9146
3090 9243
3100 9264
3110 9322
3120 9382
3130 9440
3140 9505
3150 9565
3160 9632
3170 9683
3180 9746
3190 9808
3200 9968
3210 9926
3220 10028
3230 10130
3240 10221
3250 10171
3260 10243
3270 10305
3280 10362
3290 10426
3300 10486
3310 10836
3320 10767
3330 10677
3340 10781
3350 10813
3360 10881
3370 11281
3380 11126
3390 11107
3400 11167
3410 11198
3420 11257
3430 11324
3440 11388
3450 11462
3460 11685
3470 11623
3480 11659
3490 11890
3500 11788
3510 11892
3520 11924
3530 11992
3540 12059
3550 12125
3560 12194
3570 12261
3580 12327
3590 12400
3600 12466
3610 12626
3620 12611
3630 12675
3640 12778
3650 12846
3660 12968
3670 13134
3680 13032
3690 13202
3700 13369
3710 13448
3720 13388
3730 13423
3740 13452
3750 13524
3760 13641
3770 13664
3780 13732
3790 13840
3800 14186
3810 14041
3820 14024
3830 14106
3840 14214
3850 14356
3860 14318
3870 14429
3880 14505
3890 14539
3900 14667
3910 14712
3920 14767
3930 14838
3940 14912
3950 15023
3960 15068
3970 15147
3980 15384
3990 15289
4000 15379
4010 15529
4020 15593
4030 15603
4040 15704
4050 15831
4060 15833
4070 15917
4080 15989
4090 16064
4100 16445
4110 16385
4120 16302
4130 16384
4140 16500
4150 16541
4160 16781
4170 16870
4180 16809
4190 17027
4200 17156
4210 17059
4220 17106
4230 17177
4240 17304
4250 17343
4260 17461
4270 17547
4280 17754
4290 17741
4300 17778
4310 17947
4320 18196
4330 18071
4340 18600
4350 18236
4360 18276
4370 18330
4380 18462
4390 18498
4400 18593
4410 18672
4420 18743
4430 18835
4440 18951
4450 18996
4460 19079
4470 19178
4480 19254
4490 19344
4500 19421
4510 19524
4520 20103
4530 19755
4540 19784
4550 19858
4560 19953
4570 20075
4580 20133
4590 20212
4600 20332
4610 20379
4620 20473
4630 20553
4640 21059
4650 20805
4660 20825
4670 20909
4680 21011
4690 21132
4700 21188
4710 21270
4720 21369
4730 21446
4740 21542
4750 21633
4760 21729
4770 21818
4780 21910
4790 22043
4800 22214
4810 22962
4820 22290
4830 22572
4840 22492
4850 22593
4860 22640
4870 22774
4880 22827
4890 22979
4900 23011
4910 23103
4920 23200
4930 23304
4940 23391
4950 23486
4960 23617
4970 23678
4980 23803
4990 23873
5000 23952
5010 24054
5020 24232
5030 24258
5040 24340
5050 24440
5060 25084
5070 24729
5080 25175
5090 24955
5100 24959
5110 25016
5120 25147
5130 25246
5140 25309
5150 25430
5160 25589
5170 25642
5180 25699
5190 25837
5200 25900
5210 26008
5220 26662
5230 26292
5240 26707
5250 26641
5260 26541
5270 26604
5280 26706
5290 27294
5300 27079
5310 27055
5320 27106
5330 27202
5340 27315
5350 27445
5360 27515
5370 27613
5380 27720
5390 27822
5400 27929
5410 28103
5420 28135
5430 28237
5440 28343
5450 28436
5460 29102
5470 28651
5480 28740
5490 28935
5500 28974
5510 29686
5520 29175
5530 29282
5540 29398
5550 29499
5560 29587
5570 29700
5580 30003
5590 30594
5600 30231
5610 30119
5620 30276
5630 30380
5640 30451
5650 30548
5660 30769
5670 30774
5680 30881
5690 31000
5700 31134
5710 31840
5720 31337
5730 31459
5740 31638
5750 31655
5760 31759
5770 31899
5780 32380
5790 32121
5800 32192
5810 32302
5820 32515
5830 32696
5840 32640
5850 32764
5860 32904
5870 32974
5880 33076
5890 33887
5900 33345
5910 33790
5920 33582
5930 33642
5940 33756
5950 33880
5960 33982
5970 34163
5980 34210
5990 34366
6000 34443
6010 34554
6020 34703
6030 34782
6040 35007
6050 35005
6060 35190
6070 35986
6080 35910
6090 35478
6100 35654
6110 35866
6120 35832
6130 35984
6140 36063
6150 36184
6160 36300
6170 36418
6180 36670
6190 37197
6200 36842
6210 36881
6220 37029
6230 37828
6240 37295
6250 37469
6260 37476
6270 37611
6280 37714
6290 37937
6300 37948
6310 38130
6320 38194
6330 38308
6340 38464
6350 39017
6360 38742
6370 38885
6380 38965
6390 39683
6400 39206
6410 39293
6420 39413
6430 39553
6440 39723
6450 40661
6460 40069
6470 40111
6480 40161
6490 40299
6500 40560
6510 40522
6520 40638
6530 40780
6540 41514
6550 41014
6560 41247
6570 41294
6580 41400
6590 41524
6600 42164
6610 41762
6620 41999
6630 42022
6640 42134
6650 42304
6660 42407
6670 42559
6680 43222
6690 43041
6700 43036
6710 43081
6720 43165
6730 43298
6740 43488
6750 43551
6760 43686
6770 43849
6780 43949
6790 44093
6800 44259
6810 44350
6820 45061
6830 45130
6840 44708
6850 44991
6860 45008
6870 45107
6880 45258
6890 45382
6900 45508
6910 45704
6920 46225
6930 45982
6940 46027
6950 46814
6960 46404
6970 46427
6980 46549
6990 46697
7000 46806
7010 46983
7020 47189
7030 47251
7040 47788
7050 47567
7060 47625
7070 47970
7080 48414
7090 48026
7100 48173
7110 48335
7120 48586
7130 49286
7140 48708
7150 48844
7160 49025
7170 49211
7180 49241
7190 49425
7200 50270
7210 49704
7220 49865
7230 49928
7240 50100
7250 50736
7260 50405
7270 50742
7280 50623
7290 50766
7300 50915
7310 51052
7320 51829
7330 51860
7340 51504
7350 51592
7360 51853
7370 51967
7380 52049
7390 52185
7400 52316
7410 52490
7420 52616
7430 53100
7440 53573
7450 53016
7460 53287
7470 53285
7480 53433
7490 53609
7500 53717
7510 54072
7520 54719
7530 54193
7540 54329
7550 55101
7560 54574
7570 54727
7580 54866
7590 55062
7600 55222
7610 55293
7620 55816
7630 55639
7640 55841
7650 56413
7660 56125
7670 56217
7680 56340
7690 56623
7700 57837
7710 56827
7720 56930
7730 57164
7740 57237
7750 57359
7760 58152
7770 57675
7780 57817
7790 57977
7800 58565
7810 58236
7820 58476
7830 58553
7840 58698
7850 58737
7860 59710
7870 59397
7880 59304
7890 59469
7900 59648
7910 59771
7920 59938
7930 60064
7940 60261
7950 60374
7960 61085
7970 61297
7980 60910
7990 60982
8000 61278
8010 61476
8020 61661
8030 62031
8040 61955
8050 61938
8060 62595
8070 62486
8080 62322
8090 62486
8100 62657
8110 62847
8120 62968
8130 63571
8140 63449
8150 63800
8160 63733
8170 63724
8180 64556
8190 67797
8200 64293
8210 64362
8220 64493
8230 64683
8240 64798
8250 65781
8260 65136
8270 65289
8280 65968
8290 65599
8300 65828
8310 65937
8320 66072
8330 66212
8340 67497
8350 66675
8360 66792
8370 66964
8380 67230
8390 67205
8400 67338
8410 67662
8420 67763
8430 68913
8440 68103
8450 68407
8460 68288
8470 68478
8480 68735
8490 69965
8500 69029
8510 69668
8520 69471
8530 69433
8540 69657
8550 69757
8560 70009
8570 70118
8580 70771
8590 70537
8600 71144
8610 70783
8620 70927
8630 71698
8640 71401
8650 71425
8660 71609
8670 71747
8680 72067
8690 72696
8700 72275
8710 72373
8720 73135
8730 72816
8740 73210
8750 73029
8760 73349
8770 74349
8780 73585
8790 73844
8800 73946
8810 74053
8820 74201
8830 74448
8840 74548
8850 76176
8860 75357
8870 75095
8880 75232
8890 75487
8900 76144
8910 76102
8920 75940
8930 76706
8940 76308
8950 76390
8960 76716
8970 76764
8980 77413
8990 77193
9000 77394
9010 78025
9020 77623
9030 78510
9040 78040
9050 78303
9060 78362
9070 78499
9080 79192
9090 78967
9100 78983
9110 79690
9120 79484
9130 79511
9140 79711
9150 79953
9160 81193
9170 80271
9180 80476
9190 80603
9200 80740
9210 80935
9220 81292
9230 82265
9240 81491
9250 81733
9260 81820
9270 81983
9280 83366
9290 82398
9300 83173
9310 82892
9320 82875
9330 83017
9340 83265
9350 83837
9360 83660
9370 83882
9380 84764
9390 84097
9400 84840
9410 84530
9420 84632
9430 84872
9440 85176
9450 85748
9460 86143
9470 85961
9480 85948
9490 85874
9500 86095
9510 86449
9520 87597
9530 86636
9540 86865
9550 86950
9560 87180
9570 87401
9580 87935
9590 88462
9600 88052
9610 88148
9620 88238
9630 89140
9640 88757
9650 89247
9660 89122
9670 89239
9680 89445
9690 89635
9700 90043
9710 90055
9720 90650
9730 90311
9740 91498
9750 90753
9760 90857
9770 91115
9780 91224
9790 91966
9800 91563
9810 92333
9820 92137
9830 92142
9840 92305
9850 93513
9860 92851
9870 93079
9880 93243
9890 93282
9900 93726
9910 93766
9920 95168
9930 94282
9940 94326
9950 94658
9960 95434
9970 94920
9980 95922
9990 95230
10000 95403
