10 0.000005
20 0.000003
30 0.000003
40 0.000002
50 0.000003
60 0.000003
70 0.000003
80 0.000003
90 0.000003
100 0.000004
110 0.000004
120 0.000004
130 0.000003
140 0.000004
150 0.000004
160 0.000003
170 0.000004
180 0.000004
190 0.000004
200 0.000004
210 0.000011
220 0.000005
230 0.000005
240 0.000004
250 0.000005
260 0.000005
270 0.000004
280 0.000005
290 0.000005
300 0.000006
310 0.000005
320 0.000005
330 0.000005
340 0.000006
350 0.000005
360 0.000007
370 0.000006
380 0.000006
390 0.000006
400 0.000006
410 0.000006
420 0.000006
430 0.000008
440 0.000006
450 0.000007
460 0.000006
470 0.000007
480 0.000006
490 0.000006
500 0.000006
510 0.000006
520 0.000006
530 0.000007
540 0.000007
550 0.000007
560 0.000007
570 0.000007
580 0.000007
590 0.000007
600 0.000007
610 0.000007
620 0.000008
630 0.000007
640 0.000007
650 0.000008
660 0.000007
670 0.000008
680 0.000007
690 0.000009
700 0.000008
710 0.000009
720 0.000008
730 0.000009
740 0.000009
750 0.000009
760 0.000009
770 0.000009
780 0.000008
790 0.000009
800 0.000009
810 0.000009
820 0.000009
830 0.000009
840 0.000009
850 0.000009
860 0.000009
870 0.000010
880 0.000010
890 0.000009
900 0.000010
910 0.000010
920 0.000010
930 0.000009
940 0.000011
950 0.000010
960 0.000010
970 0.000011
980 0.000011
990 0.000011
1000 0.000011
1010 0.000011
1020 0.000011
1030 0.000011
1040 0.000011
1050 0.000011
1060 0.000012
1070 0.000012
1080 0.000011
1090 0.000011
1100 0.000012
1110 0.000012
1120 0.000012
1130 0.000011
1140 0.000012
1150 0.000011
1160 0.000011
1170 0.000011
1180 0.000012
1190 0.000012
1200 0.000013
1210 0.000012
1220 0.000012
1230 0.000012
1240 0.000013
1250 0.000013
1260 0.000013
1270 0.000012
1280 0.000013
1290 0.000012
1300 0.000013
1310 0.000012
1320 0.000013
1330 0.000013
1340 0.000013
1350 0.000013
1360 0.000013
1370 0.000013
1380 0.000014
1390 0.000013
1400 0.000014
1410 0.000014
1420 0.000014
1430 0.000014
1440 0.000014
1450 0.000014
1460 0.000014
1470 0.000014
1480 0.000015
1490 0.000014
1500 0.000014
1510 0.000015
1520 0.000015
1530 0.000014
1540 0.000015
1550 0.000014
1560 0.000014
1570 0.000015
1580 0.000017
1590 0.000015
1600 0.000016
1610 0.000015
1620 0.000015
1630 0.000016
1640 0.000015
1650 0.000016
1660 0.000015
1670 0.000015
1680 0.000016
1690 0.000015
1700 0.000016
1710 0.000018
1720 0.000016
1730 0.000017
1740 0.000016
1750 0.000016
1760 0.000016
1770 0.000016
1780 0.000016
1790 0.000017
1800 0.000017
1810 0.000017
1820 0.000017
1830 0.000017
1840 0.000017
1850 0.000017
1860 0.000017
1870 0.000017
1880 0.000018
1890 0.000017
1900 0.000017
1910 0.000017
1920 0.000018
1930 0.000018
1940 0.000018
1950 0.000018
1960 0.000018
1970 0.000018
1980 0.000018
1990 0.000018
2000 0.000019
2010 0.000019
2020 0.000019
2030 0.000018
2040 0.000019
2050 0.000019
2060 0.000018
2070 0.000019
2080 0.000019
2090 0.000019
2100 0.000019
2110 0.000020
2120 0.000021
2130 0.000020
2140 0.000020
2150 0.000021
2160 0.000020
2170 0.000021
2180 0.000020
2190 0.000020
2200 0.000021
2210 0.000021
2220 0.000021
2230 0.000021
2240 0.000021
2250 0.000021
2260 0.000021
2270 0.000021
2280 0.000021
2290 0.000021
2300 0.000021
2310 0.000022
2320 0.000022
2330 0.000021
2340 0.000021
2350 0.000021
2360 0.000022
2370 0.000022
2380 0.000022
2390 0.000022
2400 0.000023
2410 0.000022
2420 0.000023
2430 0.000023
2440 0.000023
2450 0.000023
2460 0.000022
2470 0.000023
2480 0.000023
2490 0.000023
2500 0.000023
2510 0.000023
2520 0.000024
2530 0.000024
2540 0.000024
2550 0.000023
2560 0.000024
2570 0.000024
2580 0.000024
2590 0.000024
2600 0.000024
2610 0.000024
2620 0.000024
2630 0.000024
2640 0.000024
2650 0.000024
2660 0.000024
2670 0.000025
2680 0.000025
2690 0.000025
2700 0.000024
2710 0.000025
2720 0.000025
2730 0.000025
2740 0.000026
2750 0.000026
2760 0.000025
2770 0.000025
2780 0.000025
2790 0.000026
2800 0.000026
2810 0.000025
2820 0.000025
2830 0.000026
2840 0.000026
2850 0.000027
2860 0.000026
2870 0.000028
2880 0.000028
2890 0.000027
2900 0.000026
2910 0.000026
2920 0.000026
2930 0.000026
2940 0.000026
2950 0.000027
2960 0.000026
2970 0.000026
2980 0.000032
2990 0.000034
3000 0.000028
3010 0.000029
3020 0.000028
3030 0.000028
3040 0.000028
3050 0.000028
3060 0.000028
3070 0.000028
3080 0.000027
3090 0.000027
3100 0.000027
3110 0.000028
3120 0.000028
3130 0.000028
3140 0.000028
3150 0.000028
3160 0.000028
3170 0.000028
3180 0.000028
3190 0.000028
3200 0.000028
3210 0.000029
3220 0.000029
3230 0.000029
3240 0.000029
3250 0.000031
3260 0.000029
3270 0.000029
3280 0.000029
3290 0.000030
3300 0.000029
3310 0.000029
3320 0.000029
3330 0.000029
3340 0.000029
3350 0.000029
3360 0.000030
3370 0.000030
3380 0.000031
3390 0.000031
3400 0.000030
3410 0.000031
3420 0.000031
3430 0.000030
3440 0.000031
3450 0.000033
3460 0.000033
3470 0.000031
3480 0.000031
3490 0.000031
3500 0.000030
3510 0.000031
3520 0.000032
3530 0.000031
3540 0.000032
3550 0.000032
3560 0.000032
3570 0.000032
3580 0.000032
3590 0.000032
3600 0.000031
3610 0.000032
3620 0.000034
3630 0.000032
3640 0.000033
3650 0.000033
3660 0.000032
3670 0.000033
3680 0.000033
3690 0.000033
3700 0.000033
3710 0.000034
3720 0.000033
3730 0.000034
3740 0.000034
3750 0.000034
3760 0.000034
3770 0.000034
3780 0.000034
3790 0.000034
3800 0.000034
3810 0.000034
3820 0.000035
3830 0.000034
3840 0.000034
3850 0.000035
3860 0.000034
3870 0.000034
3880 0.000034
3890 0.000034
3900 0.000034
3910 0.000035
3920 0.000035
3930 0.000035
3940 0.000035
3950 0.000036
3960 0.000035
3970 0.000034
3980 0.000034
3990 0.000034
4000 0.000034
4010 0.000035
4020 0.000035
4030 0.000034
4040 0.000036
4050 0.000035
4060 0.000036
4070 0.000035
4080 0.000035
4090 0.000035
4100 0.000036
4110 0.000035
4120 0.000035
4130 0.000036
4140 0.000035
4150 0.000037
4160 0.000037
4170 0.000036
4180 0.000036
4190 0.000037
4200 0.000036
4210 0.000037
4220 0.000038
4230 0.000038
4240 0.000039
4250 0.000039
4260 0.000039
4270 0.000041
4280 0.000040
4290 0.000041
4300 0.000040
4310 0.000040
4320 0.000040
4330 0.000040
4340 0.000040
4350 0.000041
4360 0.000040
4370 0.000040
4380 0.000040
4390 0.000041
4400 0.000041
4410 0.000041
4420 0.000041
4430 0.000042
4440 0.000041
4450 0.000041
4460 0.000042
4470 0.000042
4480 0.000042
4490 0.000041
4500 0.000041
4510 0.000041
4520 0.000041
4530 0.000042
4540 0.000041
4550 0.000041
4560 0.000041
4570 0.000041
4580 0.000042
4590 0.000042
4600 0.000040
4610 0.000042
4620 0.000042
4630 0.000041
4640 0.000042
4650 0.000043
4660 0.000043
4670 0.000043
4680 0.000042
4690 0.000043
4700 0.000044
4710 0.000044
4720 0.000044
4730 0.000043
4740 0.000044
4750 0.000044
4760 0.000044
4770 0.000044
4780 0.000046
4790 0.000044
4800 0.000045
4810 0.000044
4820 0.000043
4830 0.000043
4840 0.000043
4850 0.000043
4860 0.000045
4870 0.000045
4880 0.000045
4890 0.000044
4900 0.000044
4910 0.000045
4920 0.000045
4930 0.000044
4940 0.000045
4950 0.000047
4960 0.000046
4970 0.000045
4980 0.000045
4990 0.000046
5000 0.000046
5010 0.000047
5020 0.000047
5030 0.000045
5040 0.000048
5050 0.000047
5060 0.000047
5070 0.000050
5080 0.000048
5090 0.000048
5100 0.000047
5110 0.000048
5120 0.000049
5130 0.000050
5140 0.000046
5150 0.000067
5160 0.000055
5170 0.000048
5180 0.000047
5190 0.000048
5200 0.000047
5210 0.000047
5220 0.000045
5230 0.000047
5240 0.000045
5250 0.000044
5260 0.000046
5270 0.000046
5280 0.000046
5290 0.000046
5300 0.000049
5310 0.000046
5320 0.000046
5330 0.000046
5340 0.000046
5350 0.000046
5360 0.000046
5370 0.000047
5380 0.000046
5390 0.000047
5400 0.000046
5410 0.000047
5420 0.000046
5430 0.000047
5440 0.000047
5450 0.000047
5460 0.000047
5470 0.000048
5480 0.000048
5490 0.000048
5500 0.000048
5510 0.000050
5520 0.000048
5530 0.000048
5540 0.000048
5550 0.000048
5560 0.000047
5570 0.000048
5580 0.000048
5590 0.000048
5600 0.000048
5610 0.000049
5620 0.000049
5630 0.000049
5640 0.000049
5650 0.000049
5660 0.000049
5670 0.000050
5680 0.000049
5690 0.000049
5700 0.000049
5710 0.000050
5720 0.000050
5730 0.000049
5740 0.000049
5750 0.000050
5760 0.000050
5770 0.000050
5780 0.000050
5790 0.000050
5800 0.000050
5810 0.000052
5820 0.000051
5830 0.000051
5840 0.000056
5850 0.000049
5860 0.000049
5870 0.000049
5880 0.000049
5890 0.000050
5900 0.000050
5910 0.000051
5920 0.000050
5930 0.000050
5940 0.000051
5950 0.000051
5960 0.000050
5970 0.000050
5980 0.000050
5990 0.000051
6000 0.000051
6010 0.000051
6020 0.000050
6030 0.000051
6040 0.000052
6050 0.000052
6060 0.000052
6070 0.000052
6080 0.000052
6090 0.000053
6100 0.000053
6110 0.000053
6120 0.000053
6130 0.000053
6140 0.000053
6150 0.000056
6160 0.000053
6170 0.000053
6180 0.000053
6190 0.000053
6200 0.000054
6210 0.000053
6220 0.000053
6230 0.000053
6240 0.000054
6250 0.000054
6260 0.000054
6270 0.000054
6280 0.000054
6290 0.000054
6300 0.000054
6310 0.000055
6320 0.000056
6330 0.000054
6340 0.000054
6350 0.000054
6360 0.000055
6370 0.000055
6380 0.000054
6390 0.000055
6400 0.000055
6410 0.000055
6420 0.000055
6430 0.000055
6440 0.000055
6450 0.000058
6460 0.000055
6470 0.000056
6480 0.000056
6490 0.000056
6500 0.000056
6510 0.000056
6520 0.000056
6530 0.000056
6540 0.000056
6550 0.000056
6560 0.000056
6570 0.000056
6580 0.000057
6590 0.000057
6600 0.000057
6610 0.000057
6620 0.000056
6630 0.000057
6640 0.000057
6650 0.000058
6660 0.000059
6670 0.000056
6680 0.000056
6690 0.000056
6700 0.000057
6710 0.000056
6720 0.000056
6730 0.000057
6740 0.000060
6750 0.000057
6760 0.000056
6770 0.000059
6780 0.000058
6790 0.000056
6800 0.000057
6810 0.000058
6820 0.000057
6830 0.000059
6840 0.000057
6850 0.000058
6860 0.000058
6870 0.000058
6880 0.000058
6890 0.000058
6900 0.000057
6910 0.000058
6920 0.000058
6930 0.000058
6940 0.000058
6950 0.000058
6960 0.000058
6970 0.000058
6980 0.000058
6990 0.000058
7000 0.000059
7010 0.000061
7020 0.000058
7030 0.000058
7040 0.000059
7050 0.000059
7060 0.000059
7070 0.000059
7080 0.000060
7090 0.000061
7100 0.000061
7110 0.000061
7120 0.000061
7130 0.000061
7140 0.000065
7150 0.000063
7160 0.000060
7170 0.000060
7180 0.000060
7190 0.000061
7200 0.000060
7210 0.000061
7220 0.000060
7230 0.000061
7240 0.000061
7250 0.000060
7260 0.000061
7270 0.000061
7280 0.000062
7290 0.000062
7300 0.000062
7310 0.000063
7320 0.000062
7330 0.000062
7340 0.000064
7350 0.000063
7360 0.000061
7370 0.000062
7380 0.000061
7390 0.000062
7400 0.000061
7410 0.000062
7420 0.000062
7430 0.000062
7440 0.000061
7450 0.000064
7460 0.000063
7470 0.000064
7480 0.000064
7490 0.000064
7500 0.000063
7510 0.000064
7520 0.000064
7530 0.000065
7540 0.000064
7550 0.000064
7560 0.000065
7570 0.000065
7580 0.000064
7590 0.000064
7600 0.000064
7610 0.000065
7620 0.000065
7630 0.000065
7640 0.000065
7650 0.000064
7660 0.000063
7670 0.000065
7680 0.000064
7690 0.000066
7700 0.000066
7710 0.000065
7720 0.000065
7730 0.000066
7740 0.000067
7750 0.000066
7760 0.000066
7770 0.000066
7780 0.000071
7790 0.000066
7800 0.000067
7810 0.000066
7820 0.000065
7830 0.000065
7840 0.000065
7850 0.000064
7860 0.000067
7870 0.000069
7880 0.000068
7890 0.000065
7900 0.000066
7910 0.000066
7920 0.000069
7930 0.000067
7940 0.000065
7950 0.000066
7960 0.000066
7970 0.000066
7980 0.000068
7990 0.000068
8000 0.000070
8010 0.000068
8020 0.000071
8030 0.000068
8040 0.000068
8050 0.000069
8060 0.000069
8070 0.000069
8080 0.000069
8090 0.000068
8100 0.000069
8110 0.000069
8120 0.000070
8130 0.000069
8140 0.000069
8150 0.000069
8160 0.000069
8170 0.000069
8180 0.000069
8190 0.000069
8200 0.000070
8210 0.000070
8220 0.000069
8230 0.000069
8240 0.000070
8250 0.000072
8260 0.000070
8270 0.000070
8280 0.000070
8290 0.000071
8300 0.000071
8310 0.000070
8320 0.000071
8330 0.000071
8340 0.000071
8350 0.000071
8360 0.000071
8370 0.000074
8380 0.000071
8390 0.000071
8400 0.000072
8410 0.000071
8420 0.000071
8430 0.000074
8440 0.000072
8450 0.000072
8460 0.000072
8470 0.000074
8480 0.000075
8490 0.000072
8500 0.000073
8510 0.000072
8520 0.000072
8530 0.000072
8540 0.000074
8550 0.000072
8560 0.000072
8570 0.000073
8580 0.000073
8590 0.000073
8600 0.000072
8610 0.000073
8620 0.000073
8630 0.000073
8640 0.000073
8650 0.000074
8660 0.000073
8670 0.000073
8680 0.000074
8690 0.000073
8700 0.000077
8710 0.000074
8720 0.000074
8730 0.000073
8740 0.000074
8750 0.000075
8760 0.000074
8770 0.000075
8780 0.000075
8790 0.000075
8800 0.000075
8810 0.000074
8820 0.000075
8830 0.000075
8840 0.000075
8850 0.000075
8860 0.000074
8870 0.000076
8880 0.000077
8890 0.000076
8900 0.000075
8910 0.000079
8920 0.000074
8930 0.000074
8940 0.000075
8950 0.000074
8960 0.000074
8970 0.000074
8980 0.000074
8990 0.000074
9000 0.000074
9010 0.000075
9020 0.000075
9030 0.000074
9040 0.000074
9050 0.000075
9060 0.000074
9070 0.000075
9080 0.000075
9090 0.000075
9100 0.000075
9110 0.000075
9120 0.000075
9130 0.000079
9140 0.000078
9150 0.000077
9160 0.000077
9170 0.000078
9180 0.000078
9190 0.000078
9200 0.000078
9210 0.000078
9220 0.000078
9230 0.000078
9240 0.000080
9250 0.000079
9260 0.000079
9270 0.000078
9280 0.000079
9290 0.000080
9300 0.000079
9310 0.000079
9320 0.000079
9330 0.000083
9340 0.000084
9350 0.000083
9360 0.000081
9370 0.000081
9380 0.000079
9390 0.000083
9400 0.000080
9410 0.000080
9420 0.000080
9430 0.000080
9440 0.000079
9450 0.000081
9460 0.000080
9470 0.000083
9480 0.000081
9490 0.000083
9500 0.000085
9510 0.000085
9520 0.000086
9530 0.000081
9540 0.000081
9550 0.000081
9560 0.000079
9570 0.000079
9580 0.000079
9590 0.000079
9600 0.000079
9610 0.000080
9620 0.000079
9630 0.000079
9640 0.000080
9650 0.000080
9660 0.000083
9670 0.000081
9680 0.000082
9690 0.000082
9700 0.000082
9710 0.000084
9720 0.000092
9730 0.000080
9740 0.000080
9750 0.000081
9760 0.000080
9770 0.000082
9780 0.000084
9790 0.000083
9800 0.000083
9810 0.000084
9820 0.000086
9830 0.000083
9840 0.000083
9850 0.000083
9860 0.000084
9870 0.000084
9880 0.000084
9890 0.000084
9900 0.000085
9910 0.000085
9920 0.000086
9930 0.000084
9940 0.000085
9950 0.000084
9960 0.000084
9970 0.000084
9980 0.000085
9990 0.000085
10000 0.000085
