100 1
110 0
120 0
130 0
140 1
150 0
160 1
170 0
180 0
190 0
200 0
210 1
220 1
230 1
240 1
250 1
260 1
270 1
280 1
290 0
300 1
310 1
320 1
330 1
340 1
350 1
360 1
370 0
380 1
390 1
400 1
410 1
420 1
430 1
440 1
450 1
460 1
470 1
480 1
490 1
500 1
510 1
520 1
530 1
540 1
550 2
560 1
570 1
580 1
590 2
600 1
610 2
620 1
630 2
640 1
650 2
660 2
670 1
680 2
690 2
700 2
710 1
720 1
730 2
740 2
750 2
760 2
770 2
780 1
790 1
800 2
810 2
820 2
830 3
840 2
850 2
860 2
870 2
880 1
890 2
900 3
910 2
920 2
930 3
940 2
950 2
960 2
970 3
980 3
990 3
1000 3
1010 2
1020 3
1030 3
1040 3
1050 3
1060 3
1070 3
1080 2
1090 2
1100 2
1110 3
1120 2
1130 2
1140 3
1150 3
1160 3
1170 2
1180 3
1190 3
1200 2
1210 3
1220 3
1230 3
1240 4
1250 3
1260 3
1270 3
1280 3
1290 3
1300 3
1310 4
1320 3
1330 3
1340 3
1350 4
1360 3
1370 3
1380 4
1390 3
1400 3
1410 3
1420 4
1430 3
1440 3
1450 3
1460 3
1470 4
1480 4
1490 4
1500 3
1510 3
1520 4
1530 4
1540 4
1550 4
1560 4
1570 3
1580 4
1590 4
1600 4
1610 4
1620 4
1630 4
1640 4
1650 4
1660 4
1670 4
1680 4
1690 4
1700 4
1710 4
1720 4
1730 4
1740 4
1750 4
1760 4
1770 4
1780 4
1790 4
1800 5
1810 4
1820 4
1830 5
1840 4
1850 6
1860 4
1870 5
1880 4
1890 5
1900 5
1910 6
1920 5
1930 5
1940 4
1950 5
1960 5
1970 5
1980 5
1990 6
2000 5
2010 5
2020 5
2030 6
2040 5
2050 7
2060 5
2070 5
2080 6
2090 5
2100 5
2110 5
2120 5
2130 6
2140 5
2150 7
2160 5
2170 5
2180 6
2190 5
2200 5
2210 5
2220 6
2230 6
2240 5
2250 5
2260 5
2270 5
2280 6
2290 6
2300 6
2310 5
2320 6
2330 6
2340 5
2350 6
2360 5
2370 6
2380 6
2390 6
2400 5
2410 5
2420 6
2430 6
2440 6
2450 6
2460 5
2470 6
2480 6
2490 6
2500 6
2510 6
2520 6
2530 6
2540 6
2550 6
2560 7
2570 7
2580 6
2590 6
2600 7
2610 7
2620 6
2630 6
2640 7
2650 6
2660 6
2670 6
2680 7
2690 6
2700 7
2710 6
2720 6
2730 6
2740 7
2750 7
2760 6
2770 7
2780 7
2790 6
2800 7
2810 7
2820 7
2830 7
2840 7
2850 7
2860 7
2870 6
2880 7
2890 7
2900 7
2910 7
2920 7
2930 7
2940 7
2950 7
2960 7
2970 7
2980 7
2990 8
3000 7
3010 7
3020 7
3030 7
3040 7
3050 7
3060 7
3070 7
3080 7
3090 6
3100 7
3110 8
3120 8
3130 7
3140 8
3150 7
3160 8
3170 8
3180 7
3190 7
3200 8
3210 8
3220 8
3230 8
3240 8
3250 8
3260 8
3270 8
3280 8
3290 8
3300 7
3310 8
3320 8
3330 8
3340 8
3350 8
3360 8
3370 8
3380 8
3390 8
3400 8
3410 8
3420 9
3430 7
3440 8
3450 8
3460 8
3470 8
3480 8
3490 8
3500 8
3510 8
3520 8
3530 9
3540 8
3550 9
3560 9
3570 9
3580 9
3590 9
3600 9
3610 8
3620 8
3630 9
3640 8
3650 9
3660 9
3670 8
3680 9
3690 9
3700 9
3710 8
3720 9
3730 9
3740 8
3750 9
3760 9
3770 9
3780 9
3790 9
3800 9
3810 9
3820 9
3830 9
3840 9
3850 10
3860 10
3870 10
3880 10
3890 9
3900 9
3910 10
3920 9
3930 9
3940 10
3950 9
3960 10
3970 9
3980 9
3990 9
4000 10
4010 9
4020 9
4030 9
4040 9
4050 10
4060 9
4070 9
4080 10
4090 9
4100 10
4110 9
4120 10
4130 10
4140 10
4150 9
4160 9
4170 11
4180 10
4190 11
4200 10
4210 10
4220 10
4230 10
4240 10
4250 11
4260 10
4270 11
4280 11
4290 10
4300 11
4310 10
4320 11
4330 11
4340 10
4350 11
4360 11
4370 10
4380 10
4390 10
4400 10
4410 10
4420 11
4430 11
4440 10
4450 11
4460 12
4470 10
4480 11
4490 11
4500 12
4510 11
4520 10
4530 10
4540 11
4550 11
4560 10
4570 10
4580 11
4590 11
4600 11
4610 11
4620 11
4630 11
4640 11
4650 11
4660 11
4670 11
4680 11
4690 11
4700 11
4710 12
4720 11
4730 12
4740 11
4750 12
4760 13
4770 12
4780 11
4790 11
4800 12
4810 11
4820 11
4830 12
4840 11
4850 11
4860 12
4870 11
4880 12
4890 11
4900 11
4910 12
4920 12
4930 12
4940 12
4950 12
4960 11
4970 11
4980 11
4990 11
5000 12
5010 12
5020 12
5030 14
5040 12
5050 12
5060 13
5070 13
5080 12
5090 12
5100 12
5110 12
5120 12
5130 12
5140 12
5150 12
5160 12
5170 13
5180 11
5190 11
5200 11
5210 11
5220 12
5230 12
5240 12
5250 13
5260 12
5270 12
5280 12
5290 12
5300 13
5310 12
5320 13
5330 13
5340 14
5350 13
5360 12
5370 13
5380 13
5390 14
5400 14
5410 11
5420 12
5430 12
5440 12
5450 12
5460 11
5470 12
5480 11
5490 12
5500 12
5510 12
5520 12
5530 12
5540 12
5550 13
5560 13
5570 13
5580 12
5590 12
5600 12
5610 13
5620 13
5630 13
5640 13
5650 13
5660 13
5670 12
5680 12
5690 12
5700 14
5710 13
5720 13
5730 13
5740 13
5750 14
5760 13
5770 14
5780 13
5790 13
5800 13
5810 13
5820 13
5830 13
5840 12
5850 14
5860 14
5870 14
5880 15
5890 15
5900 14
5910 14
5920 14
5930 13
5940 14
5950 14
5960 14
5970 14
5980 15
5990 15
6000 14
6010 15
6020 13
6030 14
6040 15
6050 15
6060 15
6070 13
6080 13
6090 15
6100 16
6110 14
6120 27
6130 41
6140 56
6150 46
6160 15
6170 14
6180 14
6190 14
6200 14
6210 14
6220 16
6230 15
6240 15
6250 15
6260 15
6270 18
6280 14
6290 14
6300 16
6310 16
6320 16
6330 16
6340 15
6350 15
6360 15
6370 14
6380 15
6390 15
6400 15
6410 14
6420 15
6430 15
6440 15
6450 13
6460 15
6470 16
6480 14
6490 16
6500 15
6510 15
6520 15
6530 15
6540 15
6550 14
6560 16
6570 15
6580 16
6590 16
6600 16
6610 16
6620 16
6630 15
6640 16
6650 16
6660 16
6670 14
6680 16
6690 16
6700 16
6710 16
6720 16
6730 16
6740 16
6750 16
6760 16
6770 16
6780 16
6790 16
6800 16
6810 16
6820 16
6830 16
6840 15
6850 16
6860 15
6870 16
6880 15
6890 17
6900 17
6910 16
6920 15
6930 16
6940 17
6950 16
6960 17
6970 17
6980 16
6990 16
7000 17
7010 16
7020 16
7030 17
7040 16
7050 17
7060 16
7070 16
7080 16
7090 17
7100 15
7110 17
7120 17
7130 17
7140 17
7150 17
7160 16
7170 17
7180 17
7190 17
7200 17
7210 18
7220 16
7230 17
7240 19
7250 16
7260 16
7270 18
7280 20
7290 18
7300 20
7310 16
7320 17
7330 18
7340 19
7350 20
7360 17
7370 16
7380 16
7390 17
7400 18
7410 18
7420 18
7430 18
7440 19
7450 18
7460 19
7470 19
7480 19
7490 19
7500 18
7510 19
7520 19
7530 19
7540 17
7550 19
7560 19
7570 19
7580 19
7590 19
7600 18
7610 19
7620 17
7630 19
7640 19
7650 20
7660 20
7670 19
7680 19
7690 18
7700 19
7710 20
7720 19
7730 20
7740 20
7750 18
7760 17
7770 20
7780 18
7790 19
7800 17
7810 18
7820 19
7830 18
7840 18
7850 19
7860 19
7870 19
7880 17
7890 19
7900 17
7910 19
7920 16
7930 18
7940 19
7950 17
7960 17
7970 19
7980 19
7990 20
8000 19
8010 18
8020 17
8030 19
8040 19
8050 19
8060 19
8070 17
8080 19
8090 17
8100 19
8110 19
8120 20
8130 20
8140 20
8150 20
8160 19
8170 20
8180 19
8190 19
8200 19
8210 20
8220 19
8230 20
8240 21
8250 18
8260 17
8270 20
8280 17
8290 20
8300 20
8310 20
8320 20
8330 18
8340 20
8350 19
8360 19
8370 20
8380 20
8390 20
8400 18
8410 20
8420 19
8430 20
8440 20
8450 18
8460 20
8470 20
8480 20
8490 20
8500 20
8510 22
8520 21
8530 20
8540 20
8550 20
8560 21
8570 18
8580 22
8590 22
8600 20
8610 21
8620 19
8630 22
8640 21
8650 21
8660 22
8670 20
8680 20
8690 20
8700 20
8710 21
8720 21
8730 21
8740 21
8750 19
8760 21
8770 21
8780 20
8790 21
8800 21
8810 21
8820 21
8830 20
8840 21
8850 22
8860 21
8870 22
8880 22
8890 21
8900 21
8910 22
8920 21
8930 22
8940 22
8950 22
8960 22
8970 22
8980 23
8990 24
9000 20
9010 24
9020 20
9030 22
9040 19
9050 22
9060 20
9070 20
9080 21
9090 19
9100 22
9110 21
9120 21
9130 20
9140 21
9150 22
9160 22
9170 20
9180 22
9190 22
9200 22
9210 21
9220 21
9230 21
9240 21
9250 22
9260 20
9270 21
9280 20
9290 22
9300 22
9310 20
9320 22
9330 22
9340 22
9350 20
9360 22
9370 23
9380 22
9390 22
9400 22
9410 23
9420 22
9430 21
9440 22
9450 22
9460 21
9470 20
9480 22
9490 20
9500 22
9510 22
9520 22
9530 23
9540 21
9550 22
9560 23
9570 23
9580 23
9590 23
9600 20
9610 21
9620 21
9630 22
9640 20
9650 23
9660 23
9670 23
9680 21
9690 23
9700 23
9710 23
9720 22
9730 23
9740 20
9750 24
9760 23
9770 23
9780 21
9790 23
9800 22
9810 20
9820 23
9830 23
9840 21
9850 23
9860 23
9870 21
9880 23
9890 23
9900 21
9910 22
9920 21
9930 24
9940 23
9950 23
9960 23
9970 24
9980 23
9990 22
10000 23
