100 7
110 7
120 8
130 9
140 10
150 12
160 16
170 15
180 18
190 19
200 22
210 24
220 26
230 26
240 30
250 33
260 35
270 42
280 44
290 48
300 53
310 53
320 59
330 71
340 69
350 62
360 71
370 79
380 78
390 80
400 84
410 92
420 96
430 98
440 103
450 108
460 112
470 118
480 126
490 121
500 134
510 145
520 133
530 146
540 162
550 155
560 166
570 166
580 183
590 204
600 198
610 200
620 199
630 211
640 206
650 216
660 232
670 231
680 239
690 244
700 257
710 253
720 276
730 308
740 279
750 304
760 293
770 314
780 295
790 317
800 335
810 327
820 339
830 349
840 367
850 380
860 383
870 389
880 391
890 396
900 404
910 565
920 617
930 566
940 637
950 784
960 506
970 714
980 538
990 502
1000 504
1010 562
1020 528
1030 537
1040 532
1050 556
1060 548
1070 581
1080 595
1090 598
1100 616
1110 611
1120 629
1130 626
1140 751
1150 808
1160 837
1170 933
1180 950
1190 945
1200 778
1210 865
1220 854
1230 807
1240 803
1250 796
1260 836
1270 800
1280 846
1290 857
1300 853
1310 847
1320 893
1330 896
1340 902
1350 882
1360 956
1370 916
1380 958
1390 930
1400 932
1410 980
1420 1007
1430 983
1440 1018
1450 1038
1460 1024
1470 1036
1480 1047
1490 1080
1500 1085
1510 1093
1520 1142
1530 1159
1540 1169
1550 1152
1560 1193
1570 1236
1580 1188
1590 1275
1600 1249
1610 1233
1620 1597
1630 1563
1640 1573
1650 1624
1660 1600
1670 1417
1680 1380
1690 1347
1700 1404
1710 1439
1720 1436
1730 1483
1740 1462
1750 1494
1760 1999
1770 1671
1780 1801
1790 1750
1800 1632
1810 1641
1820 1781
1830 1621
1840 1880
1850 1645
1860 1652
1870 1724
1880 1790
1890 1700
1900 1731
1910 1793
1920 1762
1930 1863
1940 1770
1950 2149
1960 2251
1970 1978
1980 1909
1990 1974
2000 1994
2010 2000
2020 2365
2030 2754
2040 2164
2050 2083
2060 2090
2070 2078
2080 2500
2090 2522
2100 2197
2110 2173
2120 2179
2130 2179
2140 2239
2150 2254
2160 2295
2170 2325
2180 2321
2190 2308
2200 2341
2210 2352
2220 2397
2230 2454
2240 2413
2250 2428
2260 2505
2270 2510
2280 2515
2290 2538
2300 2574
2310 2633
2320 3443
2330 2643
2340 2632
2350 2627
2360 3386
2370 3690
2380 3025
2390 2864
2400 2876
2410 2889
2420 2879
2430 2925
2440 2849
2450 2880
2460 3092
2470 3072
2480 2900
2490 3004
2500 3782
2510 3093
2520 3105
2530 3032
2540 4229
2550 3411
2560 3288
2570 3214
2580 3266
2590 3201
2600 4015
2610 4363
2620 3458
2630 3390
2640 3374
2650 3380
2660 3374
2670 3528
2680 3544
2690 3506
2700 3615
2710 3536
2720 3590
2730 4354
2740 3937
2750 3697
2760 3670
2770 4420
2780 3782
2790 3744
2800 3818
2810 3846
2820 3726
2830 3830
2840 3854
2850 3824
2860 4685
2870 3979
2880 3953
2890 5209
2900 4011
2910 4074
2920 4189
2930 4142
2940 5067
2950 4245
2960 4173
2970 4359
2980 4339
2990 4328
3000 4447
3010 4454
3020 4653
3030 4565
3040 4962
3050 5253
3060 4756
3070 5133
3080 4707
3090 4650
3100 4582
3110 4735
3120 4683
3130 4763
3140 5567
3150 5000
3160 4801
3170 4842
3180 5451
3190 5398
3200 4918
3210 6591
3220 5693
3230 5355
3240 5123
3250 5046
3260 5343
3270 5115
3280 5223
3290 5280
3300 6536
3310 5401
3320 5362
3330 5965
3340 5594
3350 5391
3360 5590
3370 5464
3380 5880
3390 6249
3400 5785
3410 5643
3420 6211
3430 5691
3440 6544
3450 5803
3460 5973
3470 6108
3480 5895
3490 6044
3500 6345
3510 6045
3520 7401
3530 6148
3540 6190
3550 6949
3560 6124
3570 6193
3580 6182
3590 6289
3600 6561
3610 6585
3620 6397
3630 7451
3640 6374
3650 7915
3660 6406
3670 6471
3680 6330
3690 6579
3700 6770
3710 6837
3720 6976
3730 7435
3740 6839
3750 7205
3760 6838
3770 7505
3780 7011
3790 6866
3800 8230
3810 7601
3820 8438
3830 7223
3840 7016
3850 7224
3860 7205
3870 7264
3880 8828
3890 7385
3900 7626
3910 7378
3920 7448
3930 7475
3940 7646
3950 8191
3960 7654
3970 8531
3980 8393
3990 8247
4000 7891
4010 7790
4020 7656
4030 7942
4040 7724
4050 8613
4060 8188
4070 8705
4080 7938
4090 7992
4100 8045
4110 8704
4120 8058
4130 9470
4140 8374
4150 10187
4160 8428
4170 8373
4180 8359
4190 8249
4200 8474
4210 9625
4220 9386
4230 8608
4240 8658
4250 8566
4260 9539
4270 8947
4280 10839
4290 8936
4300 9882
4310 9164
4320 9186
4330 9084
4340 9129
4350 10509
4360 9950
4370 9257
4380 9242
4390 9279
4400 10174
4410 9394
4420 10474
4430 10805
4440 9970
4450 9563
4460 9604
4470 9390
4480 10827
4490 9589
4500 9933
4510 9815
4520 9723
4530 11569
4540 13507
4550 12030
4560 11339
4570 10006
4580 9995
4590 9920
4600 11306
4610 10744
4620 10560
4630 10326
4640 10368
4650 10465
4660 10641
4670 12021
4680 12511
4690 10867
4700 10953
4710 10932
4720 10638
4730 12043
4740 11797
4750 11288
4760 11024
4770 11769
4780 12199
4790 11308
4800 11933
4810 11540
4820 11208
4830 11151
4840 12176
4850 11911
4860 11336
4870 11346
4880 12397
4890 12123
4900 12247
4910 14380
4920 12002
4930 11725
4940 11938
4950 13036
4960 12462
4970 11668
4980 11987
4990 12850
5000 12006
5010 12768
5020 13120
5030 12445
5040 12141
5050 12042
5060 13504
5070 12902
5080 12523
5090 13361
5100 12531
5110 13015
5120 13901
5130 12951
5140 12863
5150 12521
5160 14413
5170 13681
5180 13320
5190 13147
5200 13586
5210 13249
5220 13990
5230 13547
5240 13510
5250 13141
5260 14365
5270 14450
5280 13630
5290 14359
5300 15045
5310 13565
5320 15214
5330 14129
5340 13710
5350 14900
5360 14025
5370 14607
5380 14739
5390 14238
5400 14095
5410 14016
5420 15217
5430 14238
5440 14981
5450 15333
5460 15664
5470 14670
5480 14218
5490 14544
5500 16564
5510 14800
5520 14678
5530 15560
5540 15641
5550 16124
5560 14769
5570 14984
5580 16098
5590 15555
5600 15323
5610 15701
5620 15648
5630 18072
5640 16036
5650 15680
5660 16488
5670 15948
5680 16477
5690 15714
5700 15626
5710 17042
5720 16077
5730 17572
5740 16123
5750 15837
5760 17144
5770 16358
5780 17306
5790 16561
5800 16551
5810 17435
5820 17093
5830 17879
5840 17142
5850 17320
5860 16981
5870 17493
5880 17820
5890 16763
5900 17229
5910 17846
5920 18025
5930 17264
5940 17560
5950 19958
5960 17852
5970 19308
5980 18554
5990 19179
6000 17626
6010 17996
6020 19103
6030 17935
6040 17838
6050 18406
6060 18788
6070 18939
6080 17520
6090 19058
6100 18576
6110 18278
6120 19274
6130 19497
6140 21229
6150 19017
6160 19908
6170 19732
6180 18606
6190 19187
6200 19392
6210 20024
6220 19028
6230 20405
6240 19753
6250 19014
6260 21033
6270 20764
6280 19189
6290 19326
6300 21180
6310 19442
6320 19914
6330 20172
6340 20153
6350 19252
6360 22565
6370 27286
6380 22399
6390 21341
6400 22450
6410 20144
6420 21178
6430 20511
6440 20094
6450 21453
6460 21392
6470 20204
6480 20480
6490 22443
6500 20793
6510 21949
6520 21907
6530 22251
6540 20572
6550 22551
6560 21309
6570 21850
6580 22266
6590 22290
6600 21258
6610 23408
6620 21449
6630 22625
6640 23942
6650 22483
6660 21207
6670 24006
6680 22313
6690 22207
6700 23947
6710 21735
6720 23572
6730 22443
6740 21845
6750 23992
6760 24824
6770 22093
6780 23569
6790 23536
6800 22629
6810 23273
6820 23647
6830 22473
6840 23901
6850 23260
6860 23298
6870 24752
6880 24390
6890 24261
6900 24168
6910 24257
6920 24314
6930 24201
6940 23363
6950 24987
6960 24230
6970 24298
6980 25880
6990 23990
7000 24751
7010 24365
7020 25154
7030 24858
7040 25113
7050 24303
7060 26577
7070 24587
7080 26160
7090 26231
7100 24392
7110 27130
7120 26886
7130 26426
7140 25977
7150 24656
7160 26933
7170 24522
7180 25417
7190 28559
7200 26633
7210 26823
7220 25850
7230 28361
7240 34931
7250 67370
7260 47645
7270 25802
7280 26879
7290 26343
7300 26735
7310 27650
7320 25885
7330 27081
7340 26743
7350 26999
7360 29880
7370 26536
7380 28623
7390 27119
7400 28113
7410 28183
7420 26999
7430 28423
7440 27437
7450 28690
7460 29060
7470 27070
7480 29457
7490 27308
7500 28481
7510 28751
7520 27505
7530 28686
7540 28620
7550 30006
7560 28706
7570 28896
7580 28338
7590 29310
7600 28842
7610 27941
7620 29413
7630 29181
7640 29563
7650 29710
7660 29566
7670 29427
7680 29881
7690 30101
7700 28660
7710 30365
7720 29251
7730 30856
7740 30327
7750 29926
7760 30414
7770 29667
7780 30598
7790 30518
7800 29695
7810 31774
7820 29792
7830 33392
7840 29794
7850 31344
7860 30621
7870 31584
7880 30676
7890 31422
7900 30963
7910 31415
7920 32511
7930 31604
7940 31411
7950 32168
7960 31744
7970 32076
7980 31674
7990 31644
8000 33362
8010 30715
8020 32759
8030 31624
8040 33366
8050 31445
8060 33523
8070 32447
8080 34710
8090 32524
8100 34013
8110 33123
8120 34162
8130 32656
8140 34364
8150 32931
8160 35614
8170 34063
8180 33294
8190 33304
8200 33574
8210 32672
8220 34000
8230 34378
8240 33664
8250 33409
8260 33335
8270 35878
8280 32784
8290 34527
8300 35795
8310 35990
8320 35091
8330 34238
8340 35752
8350 34112
8360 35824
8370 34303
8380 37300
8390 34646
8400 35331
8410 36183
8420 34785
8430 35190
8440 35293
8450 36291
8460 36286
8470 36306
8480 37090
8490 38137
8500 36001
8510 34950
8520 37259
8530 36688
8540 36624
8550 36911
8560 37961
8570 35559
8580 37746
8590 37417
8600 37722
8610 37084
8620 35920
8630 37547
8640 37858
8650 37490
8660 36887
8670 38003
8680 37494
8690 36610
8700 37918
8710 38731
8720 38884
8730 36436
8740 38972
8750 39106
8760 37317
8770 40316
8780 37729
8790 39011
8800 38739
8810 38682
8820 38519
8830 39190
8840 41311
8850 38227
8860 40192
8870 39108
8880 38952
8890 40285
8900 39400
8910 41713
8920 39662
8930 38739
8940 41550
8950 39081
8960 41170
8970 40685
8980 40995
8990 40404
9000 40131
9010 41046
9020 42165
9030 40303
9040 42592
9050 41291
9060 39919
9070 41414
9080 39978
9090 40452
9100 41121
9110 43209
9120 42665
9130 42001
9140 41781
9150 41894
9160 42118
9170 42022
9180 51853
9190 42763
9200 42310
9210 42863
9220 41872
9230 45504
9240 42818
9250 42395
9260 43395
9270 43346
9280 42410
9290 44358
9300 43940
9310 42452
9320 43618
9330 44220
9340 43234
9350 47116
9360 43795
9370 44566
9380 45478
9390 44461
9400 44355
9410 46451
9420 44371
9430 44533
9440 45627
9450 44935
9460 45476
9470 46610
9480 45698
9490 44761
9500 45691
9510 45337
9520 45539
9530 46197
9540 45359
9550 46653
9560 46682
9570 46630
9580 47808
9590 45953
9600 45458
9610 46823
9620 46530
9630 45021
9640 48990
9650 47829
9660 47582
9670 45922
9680 47677
9690 46895
9700 47929
9710 48477
9720 48967
9730 47129
9740 46763
9750 49098
9760 48728
9770 47467
9780 48400
9790 49094
9800 48957
9810 48530
9820 48312
9830 49004
9840 48053
9850 48538
9860 49901
9870 50297
9880 48896
9890 48876
9900 49986
9910 52162
9920 49013
9930 49132
9940 49800
9950 50062
9960 49477
9970 51571
9980 51923
9990 52145
10000 50522
