100 20
110 14
120 16
130 19
140 22
150 24
160 27
170 29
180 32
190 35
200 39
210 44
220 47
230 53
240 56
250 61
260 66
270 70
280 76
290 82
300 88
310 94
320 99
330 107
340 113
350 119
360 126
370 135
380 150
390 235
400 243
410 245
420 195
430 204
440 201
450 215
460 219
470 249
480 325
490 378
500 343
510 324
520 294
530 304
540 295
550 308
560 317
570 329
580 349
590 366
600 362
610 361
620 382
630 386
640 410
650 433
660 428
670 443
680 452
690 467
700 461
710 625
720 1570
730 1789
740 2116
750 2107
760 1934
770 1946
780 1902
790 1962
800 1989
810 2042
820 2084
830 2226
840 2162
850 2248
860 2293
870 2354
880 2394
890 2484
900 2995
910 2787
920 2828
930 2674
940 2820
950 2790
960 2779
970 3438
980 3409
990 3055
1000 3555
1010 3696
1020 4061
1030 3431
1040 3254
1050 3500
1060 3331
1070 4116
1080 3999
1090 3459
1100 3515
1110 3466
1120 3433
1130 3716
1140 3315
1150 3585
1160 2701
1170 2597
1180 2643
1190 2467
1200 2078
1210 2123
1220 2359
1230 2266
1240 1907
1250 1787
1260 1811
1270 1840
1280 1730
1290 1624
1300 1772
1310 1630
1320 1668
1330 1690
1340 1754
1350 1713
1360 1752
1370 1804
1380 2262
1390 1891
1400 1890
1410 1915
1420 1922
1430 1939
1440 1973
1450 2027
1460 2047
1470 2071
1480 2450
1490 3122
1500 2333
1510 2206
1520 2175
1530 2251
1540 2670
1550 3057
1560 2646
1570 2473
1580 2412
1590 2523
1600 2566
1610 2511
1620 2539
1630 2551
1640 2574
1650 2621
1660 2661
1670 2718
1680 2720
1690 2731
1700 2753
1710 2760
1720 3649
1730 3230
1740 3003
1750 2936
1760 2956
1770 3003
1780 3033
1790 3636
1800 3147
1810 3169
1820 3190
1830 4066
1840 3291
1850 3261
1860 3285
1870 3404
1880 3330
1890 3432
1900 3406
1910 3510
1920 3497
1930 4239
1940 3659
1950 3641
1960 3655
1970 4430
1980 3743
1990 3758
2000 3840
2010 3827
2020 4502
2030 3965
2040 4018
2050 5125
2060 4369
2070 4159
2080 4266
2090 4211
2100 4266
2110 4297
2120 4264
2130 4346
2140 4359
2150 4398
2160 5496
2170 4595
2180 4581
2190 4619
2200 4715
2210 5100
2220 4702
2230 5355
2240 4792
2250 4851
2260 4908
2270 4905
2280 4945
2290 5015
2300 5704
2310 5157
2320 5154
2330 6332
2340 5340
2350 5353
2360 5489
2370 6093
2380 5430
2390 6912
2400 5732
2410 5520
2420 5564
2430 5617
2440 5649
2450 5768
2460 5753
2470 7337
2480 5989
2490 5892
2500 6271
2510 6729
2520 6076
2530 6203
2540 6246
2550 6245
2560 7093
2570 6390
2580 6910
2590 6437
2600 7442
2610 6533
2620 6590
2630 7348
2640 6734
2650 6722
2660 6765
2670 6806
2680 6966
2690 6966
2700 7900
2710 7147
2720 7798
2730 7220
2740 7225
2750 7210
2760 7325
2770 7839
2780 7366
2790 8178
2800 7713
2810 8927
2820 7651
2830 9637
2840 7977
2850 7813
2860 7811
2870 7946
2880 7929
2890 8048
2900 8992
2910 8515
2920 8250
2930 8267
2940 8231
2950 8744
2960 8324
2970 9344
2980 8502
2990 9359
3000 8657
3010 8719
3020 8859
3030 8788
3040 8858
3050 10010
3060 9796
3070 9354
3080 9072
3090 9074
3100 9914
3110 10267
3120 9338
3130 10104
3140 10159
3150 9548
3160 9516
3170 9524
3180 10659
3190 9927
3200 10492
3210 10220
3220 9899
3230 10543
3240 10099
3250 10816
3260 10955
3270 10398
3280 10297
3290 10318
3300 10323
3310 11649
3320 10486
3330 11220
3340 10601
3350 11329
3360 10734
3370 10855
3380 12446
3390 11971
3400 11147
3410 13025
3420 11473
3430 11364
3440 11374
3450 12668
3460 11961
3470 11561
3480 11524
3490 12422
3500 12526
3510 11761
3520 12548
3530 11854
3540 11894
3550 11947
3560 13576
3570 12789
3580 12249
3590 12257
3600 12983
3610 13118
3620 14153
3630 13211
3640 12601
3650 12681
3660 14377
3670 13334
3680 13100
3690 13610
3700 13203
3710 13685
3720 14234
3730 13286
3740 13279
3750 13524
3760 15095
3770 14212
3780 13591
3790 14221
3800 14328
3810 15587
3820 14916
3830 13961
3840 14007
3850 15395
3860 16242
3870 14649
3880 15160
3890 15148
3900 14908
3910 16291
3920 15667
3930 14977
3940 16302
3950 15695
3960 15036
3970 15873
3980 16415
3990 16859
4000 15822
4010 15510
4020 16649
4030 16365
4040 16375
4050 15607
4060 16330
4070 16541
4080 16548
4090 17337
4100 16643
4110 16599
4120 17524
4130 17453
4140 17089
4150 16861
4160 17281
4170 17951
4180 18102
4190 18889
4200 17081
4210 18087
4220 18374
4230 17290
4240 18010
4250 17983
4260 18319
4270 17612
4280 17538
4290 19009
4300 18450
4310 18929
4320 18070
4330 21191
4340 18371
4350 18119
4360 19640
4370 18611
4380 18385
4390 19442
4400 19873
4410 18573
4420 18620
4430 19697
4440 19763
4450 18920
4460 21733
4470 21326
4480 19670
4490 19657
4500 21461
4510 19717
4520 20383
4530 20389
4540 20781
4550 19863
4560 21107
4570 20606
4580 21092
4590 21249
4600 22524
4610 20807
4620 21902
4630 21098
4640 20664
4650 21513
4660 22318
4670 20888
4680 22324
4690 21668
4700 21174
4710 23003
4720 24295
4730 21449
4740 21558
4750 22930
4760 22499
4770 24084
4780 21888
4790 22371
4800 23726
4810 22116
4820 23651
4830 25256
4840 23309
4850 23603
4860 23594
4870 23376
4880 23598
4890 24187
4900 22961
4910 24516
4920 23434
4930 24159
4940 25999
4950 24099
4960 24723
4970 24862
4980 24948
4990 24712
5000 25406
5010 24149
5020 26015
5030 24667
5040 25968
5050 26635
5060 24420
5070 26136
5080 25235
5090 26270
5100 26211
5110 24993
5120 26120
5130 25670
5140 26147
5150 28031
5160 26386
5170 28063
5180 27040
5190 27549
5200 27221
5210 26547
5220 27676
5230 27085
5240 27298
5250 30157
5260 26685
5270 27762
5280 27374
5290 28136
5300 28038
5310 26951
5320 29173
5330 27254
5340 29592
5350 30217
5360 29004
5370 28806
5380 28508
5390 30157
5400 27997
5410 30253
5420 28696
5430 30620
5440 31028
5450 29808
5460 29615
5470 29309
5480 30412
5490 28814
5500 31021
5510 32477
5520 35157
5530 30180
5540 30987
5550 30055
5560 31487
5570 31202
5580 31356
5590 30867
5600 32542
5610 32550
5620 31245
5630 35879
5640 34758
5650 31535
5660 31978
5670 31526
5680 31564
5690 35039
5700 31549
5710 32686
5720 32334
5730 33683
5740 32150
5750 33847
5760 32313
5770 36638
5780 32680
5790 34115
5800 34286
5810 34345
5820 33778
5830 33510
5840 35665
5850 36513
5860 34588
5870 33935
5880 35167
5890 34778
5900 35088
5910 35066
5920 36487
5930 35222
5940 36053
5950 34365
5960 36344
5970 34142
5980 36278
5990 36274
6000 37574
6010 35590
6020 36616
6030 35280
6040 36535
6050 36560
6060 36688
6070 35838
6080 38180
6090 38406
6100 36591
6110 36660
6120 37885
6130 37450
6140 38987
6150 37366
6160 40007
6170 37757
6180 37143
6190 38887
6200 37391
6210 38522
6220 38049
6230 40396
6240 37378
6250 38676
6260 38049
6270 39378
6280 39975
6290 39871
6300 39593
6310 39496
6320 40020
6330 39710
6340 38974
6350 41969
6360 38712
6370 40773
6380 40413
6390 39910
6400 41116
6410 40428
6420 42984
6430 41072
6440 41440
6450 42195
6460 41073
6470 41423
6480 44418
6490 40494
6500 42863
6510 42250
6520 41290
6530 43066
6540 43318
6550 43345
6560 44030
6570 43627
6580 42981
6590 43483
6600 44214
6610 43709
6620 42938
6630 44562
6640 42049
6650 44119
6660 44732
6670 43639
6680 45279
6690 52354
6700 44584
6710 45293
6720 46640
6730 45431
6740 46250
6750 45508
6760 46049
6770 47208
6780 47060
6790 47316
6800 47479
6810 45883
6820 45886
6830 48420
6840 45645
6850 47122
6860 48693
6870 47784
6880 47808
6890 45665
6900 47484
6910 49736
6920 48300
6930 46790
6940 48358
6950 48116
6960 47109
6970 50440
6980 50271
6990 48722
7000 48543
7010 49563
7020 52933
7030 48710
7040 49634
7050 49593
7060 50010
7070 49642
7080 50689
7090 50524
7100 50911
7110 49843
7120 50166
7130 53415
7140 51098
7150 51385
7160 51101
7170 52759
7180 51144
7190 51547
7200 51322
7210 53429
7220 53002
7230 52408
7240 52661
7250 53347
7260 55856
7270 52787
7280 53780
7290 57562
7300 52160
7310 53083
7320 56716
7330 54497
7340 53603
7350 54666
7360 55137
7370 58801
7380 54643
7390 53720
7400 53940
7410 54454
7420 56544
7430 55287
7440 54573
7450 55875
7460 55285
7470 58746
7480 56240
7490 56674
7500 55629
7510 56109
7520 57564
7530 57786
7540 57370
7550 57585
7560 59080
7570 56759
7580 56407
7590 57611
7600 57011
7610 59227
7620 57423
7630 58375
7640 58322
7650 57789
7660 60569
7670 57806
7680 58255
7690 59836
7700 61893
7710 59855
7720 59556
7730 59522
7740 59169
7750 62000
7760 61431
7770 59734
7780 61908
7790 61128
7800 62422
7810 65265
7820 62801
7830 60876
7840 61530
7850 63529
7860 61488
7870 62346
7880 62688
7890 62246
7900 66726
7910 62925
7920 65186
7930 64328
7940 65429
7950 74708
7960 63625
7970 64833
7980 64510
7990 67010
8000 63977
8010 64551
8020 64168
8030 65733
8040 64697
8050 64574
8060 64708
8070 66281
8080 65167
8090 65714
8100 64765
8110 67460
8120 67400
8130 65526
8140 73029
8150 69388
8160 65747
8170 66642
8180 66074
8190 68997
8200 65919
8210 67519
8220 69135
8230 70440
8240 69558
8250 67108
8260 70036
8270 69124
8280 68406
8290 69421
8300 73243
8310 69427
8320 68942
8330 69087
8340 71174
8350 69738
8360 68979
8370 71157
8380 73775
8390 70473
8400 70595
8410 71807
8420 70498
8430 71016
8440 69789
8450 73771
8460 71366
8470 71989
8480 71932
8490 71435
8500 72375
8510 71213
8520 73910
8530 73749
8540 73662
8550 72830
8560 73730
8570 72222
8580 73695
8590 74950
8600 75374
8610 74869
8620 74460
8630 75836
8640 74471
8650 74565
8660 74088
8670 76285
8680 75434
8690 75455
8700 75674
8710 77475
8720 76283
8730 75611
8740 77399
8750 76637
8760 77121
8770 77478
8780 77895
8790 77561
8800 76875
8810 79145
8820 78485
8830 78516
8840 79747
8850 77375
8860 78472
8870 78396
8880 80852
8890 79466
8900 78907
8910 79157
8920 79478
8930 81076
8940 82237
8950 79550
8960 81017
8970 82074
8980 80812
8990 80666
9000 80462
9010 83613
9020 81736
9030 81547
9040 81539
9050 82089
9060 82386
9070 84635
9080 82833
9090 82089
9100 82998
9110 83450
9120 84261
9130 83208
9140 84727
9150 85834
9160 83662
9170 85082
9180 84514
9190 84366
9200 86616
9210 84972
9220 86692
9230 85606
9240 86009
9250 85978
9260 89391
9270 84530
9280 87680
9290 87553
9300 85875
9310 86455
9320 88915
9330 87686
9340 87011
9350 87588
9360 87567
9370 87075
9380 98746
9390 87547
9400 87084
9410 90543
9420 87375
9430 89233
9440 89852
9450 89586
9460 89650
9470 89517
9480 91110
9490 90144
9500 93016
9510 90198
9520 90965
9530 90755
9540 90104
9550 91310
9560 92270
9570 91182
9580 93886
9590 91292
9600 93886
9610 93053
9620 92636
9630 96010
9640 92133
9650 92937
9660 94978
9670 93867
9680 96845
9690 93965
9700 94959
9710 94770
9720 94998
9730 95462
9740 94421
9750 93993
9760 96871
9770 96136
9780 93161
9790 94909
9800 97518
9810 96629
9820 95732
9830 98191
9840 95388
9850 97271
9860 96845
9870 97730
9880 97871
9890 98166
9900 98254
9910 99600
9920 99105
9930 98875
9940 98785
9950 100754
9960 98257
9970 100544
9980 100604
9990 100632
10000 100716
