100 9
110 8
120 9
130 9
140 10
150 12
160 12
170 13
180 14
190 14
200 16
210 16
220 16
230 19
240 22
250 20
260 20
270 22
280 23
290 24
300 32
310 32
320 27
330 30
340 29
350 30
360 31
370 31
380 32
390 33
400 35
410 36
420 56
430 49
440 46
450 54
460 51
470 49
480 54
490 42
500 59
510 60
520 74
530 53
540 50
550 48
560 49
570 49
580 49
590 52
600 53
610 54
620 54
630 56
640 57
650 58
660 61
670 60
680 60
690 64
700 63
710 65
720 66
730 73
740 67
750 68
760 67
770 68
780 70
790 73
800 73
810 73
820 73
830 75
840 83
850 77
860 78
870 77
880 78
890 86
900 83
910 87
920 103
930 89
940 89
950 90
960 88
970 89
980 96
990 89
1000 93
1010 92
1020 91
1030 93
1040 94
1050 97
1060 98
1070 102
1080 121
1090 107
1100 103
1110 106
1120 105
1130 107
1140 106
1150 109
1160 124
1170 135
1180 196
1190 161
1200 253
1210 217
1220 312
1230 215
1240 217
1250 265
1260 238
1270 236
1280 206
1290 253
1300 236
1310 507
1320 137
1330 137
1340 136
1350 143
1360 139
1370 140
1380 144
1390 174
1400 147
1410 149
1420 150
1430 150
1440 170
1450 151
1460 148
1470 154
1480 149
1490 150
1500 174
1510 169
1520 172
1530 165
1540 163
1550 162
1560 163
1570 161
1580 167
1590 164
1600 164
1610 196
1620 160
1630 167
1640 163
1650 163
1660 168
1670 167
1680 194
1690 166
1700 167
1710 174
1720 171
1730 173
1740 171
1750 173
1760 174
1770 174
1780 178
1790 176
1800 182
1810 212
1820 195
1830 180
1840 180
1850 185
1860 182
1870 191
1880 210
1890 232
1900 315
1910 375
1920 313
1930 391
1940 314
1950 309
1960 219
1970 235
1980 214
1990 221
2000 201
2010 210
2020 202
2030 207
2040 206
2050 218
2060 215
2070 214
2080 212
2090 215
2100 212
2110 244
2120 260
2130 245
2140 222
2150 244
2160 256
2170 246
2180 223
2190 228
2200 229
2210 227
2220 236
2230 229
2240 238
2250 232
2260 238
2270 253
2280 232
2290 229
2300 235
2310 252
2320 247
2330 246
2340 251
2350 263
2360 255
2370 296
2380 252
2390 251
2400 259
2410 248
2420 246
2430 254
2440 252
2450 256
2460 254
2470 254
2480 271
2490 282
2500 260
2510 283
2520 266
2530 270
2540 298
2550 261
2560 306
2570 267
2580 270
2590 274
2600 590
2610 310
2620 294
2630 290
2640 284
2650 315
2660 290
2670 331
2680 285
2690 282
2700 288
2710 287
2720 287
2730 293
2740 325
2750 308
2760 334
2770 337
2780 291
2790 295
2800 298
2810 319
2820 331
2830 345
2840 309
2850 333
2860 305
2870 307
2880 330
2890 310
2900 312
2910 315
2920 314
2930 311
2940 339
2950 318
2960 324
2970 317
2980 319
2990 332
3000 326
3010 733
3020 820
3030 642
3040 388
3050 351
3060 363
3070 437
3080 339
3090 348
3100 364
3110 338
3120 344
3130 342
3140 413
3150 378
3160 402
3170 350
3180 353
3190 353
3200 351
3210 353
3220 352
3230 358
3240 496
3250 382
3260 361
3270 357
3280 366
3290 415
3300 892
3310 613
3320 645
3330 583
3340 431
3350 395
3360 476
3370 378
3380 392
3390 385
3400 389
3410 449
3420 418
3430 392
3440 416
3450 393
3460 391
3470 433
3480 407
3490 411
3500 391
3510 513
3520 413
3530 383
3540 378
3550 381
3560 487
3570 720
3580 401
3590 383
3600 413
3610 396
3620 389
3630 393
3640 399
3650 399
3660 434
3670 423
3680 435
3690 413
3700 412
3710 410
3720 740
3730 661
3740 743
3750 609
3760 699
3770 672
3780 564
3790 491
3800 603
3810 458
3820 458
3830 439
3840 441
3850 442
3860 499
3870 443
3880 478
3890 441
3900 441
3910 464
3920 508
3930 432
3940 465
3950 436
3960 760
3970 471
3980 505
3990 519
4000 493
4010 560
4020 503
4030 540
4040 466
4050 465
4060 479
4070 471
4080 478
4090 453
4100 455
4110 463
4120 483
4130 490
4140 497
4150 478
4160 498
4170 470
4180 525
4190 552
4200 565
4210 468
4220 494
4230 528
4240 479
4250 477
4260 520
4270 547
4280 560
4290 574
4300 508
4310 512
4320 712
4330 549
4340 478
4350 518
4360 545
4370 482
4380 508
4390 510
4400 526
4410 554
4420 513
4430 541
4440 628
4450 564
4460 583
4470 537
4480 543
4490 541
4500 531
4510 539
4520 582
4530 529
4540 629
4550 976
4560 1012
4570 849
4580 618
4590 575
4600 617
4610 600
4620 607
4630 545
4640 581
4650 674
4660 567
4670 513
4680 514
4690 517
4700 540
4710 577
4720 600
4730 725
4740 1154
4750 591
4760 608
4770 606
4780 577
4790 554
4800 560
4810 573
4820 589
4830 593
4840 632
4850 620
4860 596
4870 582
4880 587
4890 591
4900 562
4910 634
4920 600
4930 591
4940 661
4950 605
4960 553
4970 555
4980 570
4990 570
5000 671
5010 626
5020 583
5030 709
5040 620
5050 581
5060 583
5070 621
5080 565
5090 569
5100 570
5110 598
5120 599
5130 629
5140 586
5150 696
5160 623
5170 596
5180 603
5190 686
5200 585
5210 610
5220 623
5230 620
5240 842
5250 1138
5260 867
5270 617
5280 626
5290 618
5300 607
5310 615
5320 612
5330 667
5340 642
5350 647
5360 605
5370 610
5380 609
5390 620
5400 662
5410 679
5420 627
5430 675
5440 618
5450 614
5460 661
5470 627
5480 631
5490 634
5500 647
5510 703
5520 700
5530 1257
5540 991
5550 736
5560 663
5570 662
5580 683
5590 735
5600 692
5610 639
5620 667
5630 641
5640 641
5650 638
5660 699
5670 701
5680 658
5690 671
5700 1140
5710 1234
5720 972
5730 894
5740 771
5750 722
5760 764
5770 711
5780 712
5790 734
5800 711
5810 717
5820 742
5830 715
5840 788
5850 693
5860 692
5870 761
5880 773
5890 786
5900 723
5910 732
5920 733
5930 736
5940 744
5950 716
5960 712
5970 714
5980 734
5990 757
6000 741
6010 787
6020 772
6030 708
6040 767
6050 685
6060 689
6070 687
6080 718
6090 742
6100 820
6110 879
6120 703
6130 744
6140 694
6150 719
6160 738
6170 721
6180 830
6190 715
6200 709
6210 709
6220 759
6230 752
6240 775
6250 766
6260 713
6270 958
6280 1437
6290 1157
6300 941
6310 841
6320 745
6330 828
6340 750
6350 757
6360 774
6370 725
6380 732
6390 836
6400 816
6410 809
6420 735
6430 734
6440 1054
6450 843
6460 793
6470 806
6480 788
6490 1341
6500 1006
6510 809
6520 791
6530 794
6540 799
6550 921
6560 860
6570 804
6580 771
6590 796
6600 795
6610 813
6620 828
6630 860
6640 831
6650 902
6660 769
6670 814
6680 819
6690 842
6700 876
6710 891
6720 814
6730 800
6740 808
6750 877
6760 830
6770 868
6780 1213
6790 932
6800 847
6810 861
6820 871
6830 856
6840 883
6850 860
6860 830
6870 803
6880 795
6890 789
6900 874
6910 884
6920 893
6930 831
6940 818
6950 848
6960 798
6970 918
6980 866
6990 991
7000 1288
7010 1254
7020 1035
7030 905
7040 885
7050 1050
7060 836
7070 816
7080 839
7090 826
7100 870
7110 837
7120 1368
7130 1317
7140 1319
7150 1415
7160 1666
7170 940
7180 882
7190 889
7200 887
7210 907
7220 938
7230 886
7240 843
7250 830
7260 884
7270 900
7280 873
7290 950
7300 984
7310 875
7320 861
7330 863
7340 855
7350 905
7360 867
7370 921
7380 866
7390 910
7400 843
7410 871
7420 895
7430 1057
7440 889
7450 862
7460 852
7470 880
7480 920
7490 856
7500 948
7510 922
7520 879
7530 890
7540 862
7550 893
7560 965
7570 963
7580 1648
7590 1598
7600 1011
7610 1001
7620 902
7630 898
7640 891
7650 911
7660 874
7670 881
7680 988
7690 990
7700 915
7710 889
7720 884
7730 914
7740 988
7750 907
7760 1155
7770 1473
7780 1319
7790 970
7800 927
7810 901
7820 944
7830 900
7840 899
7850 951
7860 898
7870 929
7880 949
7890 944
7900 912
7910 965
7920 916
7930 922
7940 955
7950 960
7960 911
7970 911
7980 917
7990 933
8000 957
8010 969
8020 943
8030 924
8040 912
8050 914
8060 939
8070 946
8080 1040
8090 1367
8100 954
8110 918
8120 939
8130 994
8140 972
8150 939
8160 925
8170 955
8180 927
8190 927
8200 932
8210 973
8220 1412
8230 1591
8240 1139
8250 1030
8260 971
8270 962
8280 940
8290 953
8300 945
8310 1037
8320 946
8330 1293
8340 1775
8350 1183
8360 1085
8370 1047
8380 1055
8390 1000
8400 970
8410 979
8420 987
8430 986
8440 1015
8450 1028
8460 972
8470 973
8480 1044
8490 1007
8500 1096
8510 1083
8520 1043
8530 1023
8540 1030
8550 1138
8560 1012
8570 982
8580 1001
8590 1007
8600 977
8610 973
8620 1017
8630 1144
8640 1012
8650 1045
8660 981
8670 1037
8680 985
8690 1054
8700 979
8710 987
8720 1063
8730 1151
8740 1151
8750 1005
8760 1004
8770 1014
8780 1018
8790 1157
8800 1020
8810 1850
8820 1452
8830 1068
8840 1071
8850 1258
8860 1058
8870 1056
8880 1071
8890 1030
8900 1017
8910 1668
8920 1171
8930 1150
8940 1139
8950 1130
8960 1080
8970 1083
8980 1041
8990 1050
9000 1083
9010 1089
9020 1093
9030 1050
9040 1094
9050 1052
9060 1089
9070 1205
9080 1150
9090 1119
9100 1089
9110 1066
9120 1080
9130 1122
9140 1110
9150 1067
9160 1060
9170 1135
9180 1148
9190 1594
9200 1198
9210 1113
9220 1138
9230 1146
9240 1081
9250 1080
9260 1117
9270 1099
9280 1060
9290 1163
9300 1804
9310 1255
9320 1138
9330 1162
9340 1134
9350 1117
9360 1076
9370 1076
9380 1103
9390 1135
9400 1090
9410 1085
9420 1130
9430 1108
9440 1110
9450 1137
9460 1932
9470 1656
9480 1201
9490 1242
9500 1226
9510 1339
9520 1124
9530 1231
9540 1126
9550 1333
9560 1208
9570 1120
9580 1155
9590 1241
9600 1142
9610 1121
9620 1167
9630 1150
9640 1162
9650 1256
9660 1148
9670 1166
9680 1193
9690 1158
9700 1145
9710 1228
9720 1154
9730 1150
9740 1197
9750 1166
9760 1230
9770 1309
9780 1204
9790 1170
9800 1253
9810 1592
9820 1722
9830 1240
9840 1297
9850 1288
9860 1223
9870 1185
9880 1231
9890 1227
9900 1213
9910 1809
9920 1350
9930 1247
9940 1236
9950 1198
9960 1238
9970 1189
9980 1191
9990 1231
10000 1242
