100 5
110 6
120 6
130 7
140 7
150 7
160 8
170 8
180 9
190 11
200 10
210 10
220 12
230 12
240 13
250 13
260 14
270 15
280 15
290 16
300 16
310 18
320 19
330 19
340 22
350 20
360 22
370 36
380 23
390 23
400 23
410 24
420 24
430 25
440 26
450 26
460 28
470 27
480 26
490 29
500 29
510 29
520 30
530 31
540 32
550 32
560 34
570 33
580 35
590 35
600 36
610 36
620 37
630 37
640 38
650 38
660 40
670 41
680 40
690 44
700 44
710 45
720 46
730 46
740 46
750 48
760 47
770 50
780 49
790 50
800 53
810 55
820 52
830 53
840 54
850 53
860 54
870 55
880 58
890 59
900 59
910 61
920 62
930 63
940 60
950 62
960 63
970 63
980 71
990 63
1000 64
1010 65
1020 64
1030 65
1040 65
1050 70
1060 66
1070 67
1080 71
1090 69
1100 71
1110 74
1120 75
1130 75
1140 75
1150 78
1160 75
1170 75
1180 77
1190 78
1200 81
1210 81
1220 81
1230 81
1240 80
1250 83
1260 83
1270 86
1280 92
1290 85
1300 90
1310 90
1320 90
1330 87
1340 89
1350 90
1360 92
1370 94
1380 92
1390 96
1400 98
1410 99
1420 99
1430 101
1440 100
1450 105
1460 102
1470 104
1480 104
1490 109
1500 107
1510 107
1520 107
1530 109
1540 109
1550 111
1560 112
1570 114
1580 115
1590 114
1600 114
1610 113
1620 118
1630 115
1640 119
1650 119
1660 122
1670 128
1680 125
1690 128
1700 122
1710 120
1720 124
1730 136
1740 154
1750 200
1760 140
1770 155
1780 129
1790 131
1800 129
1810 129
1820 128
1830 129
1840 131
1850 130
1860 133
1870 132
1880 137
1890 140
1900 144
1910 142
1920 140
1930 141
1940 154
1950 131
1960 133
1970 134
1980 133
1990 136
2000 135
2010 137
2020 139
2030 145
2040 142
2050 145
2060 148
2070 146
2080 144
2090 142
2100 144
2110 144
2120 149
2130 150
2140 144
2150 146
2160 154
2170 154
2180 155
2190 153
2200 152
2210 155
2220 158
2230 157
2240 164
2250 155
2260 155
2270 159
2280 158
2290 156
2300 161
2310 156
2320 159
2330 160
2340 163
2350 168
2360 162
2370 168
2380 165
2390 207
2400 175
2410 170
2420 172
2430 169
2440 172
2450 170
2460 173
2470 173
2480 170
2490 177
2500 181
2510 176
2520 177
2530 179
2540 177
2550 181
2560 187
2570 193
2580 195
2590 195
2600 195
2610 194
2620 192
2630 194
2640 194
2650 194
2660 195
2670 198
2680 199
2690 199
2700 201
2710 206
2720 205
2730 209
2740 207
2750 209
2760 209
2770 209
2780 256
2790 350
2800 212
2810 211
2820 222
2830 221
2840 216
2850 220
2860 221
2870 215
2880 214
2890 215
2900 210
2910 204
2920 211
2930 209
2940 212
2950 209
2960 212
2970 211
2980 226
2990 225
3000 213
3010 217
3020 214
3030 212
3040 218
3050 240
3060 218
3070 225
3080 224
3090 218
3100 223
3110 220
3120 230
3130 226
3140 228
3150 233
3160 242
3170 248
3180 244
3190 251
3200 250
3210 254
3220 253
3230 249
3240 274
3250 260
3260 248
3270 253
3280 251
3290 247
3300 246
3310 251
3320 321
3330 393
3340 351
3350 270
3360 267
3370 247
3380 257
3390 252
3400 251
3410 276
3420 256
3430 257
3440 251
3450 271
3460 260
3470 258
3480 256
3490 261
3500 262
3510 268
3520 258
3530 272
3540 260
3550 276
3560 284
3570 287
3580 282
3590 270
3600 273
3610 273
3620 272
3630 270
3640 272
3650 271
3660 269
3670 270
3680 271
3690 297
3700 769
3710 763
3720 810
3730 767
3740 727
3750 652
3760 657
3770 665
3780 299
3790 306
3800 311
3810 306
3820 305
3830 299
3840 306
3850 304
3860 417
3870 326
3880 302
3890 603
3900 506
3910 308
3920 311
3930 310
3940 307
3950 321
3960 319
3970 311
3980 320
3990 312
4000 325
4010 321
4020 302
4030 333
4040 321
4050 329
4060 331
4070 341
4080 345
4090 344
4100 348
4110 358
4120 381
4130 335
4140 345
4150 338
4160 447
4170 383
4180 330
4190 360
4200 324
4210 350
4220 322
4230 323
4240 323
4250 331
4260 330
4270 356
4280 334
4290 334
4300 326
4310 339
4320 321
4330 333
4340 341
4350 329
4360 324
4370 347
4380 354
4390 349
4400 345
4410 387
4420 346
4430 356
4440 348
4450 357
4460 350
4470 363
4480 359
4490 348
4500 360
4510 364
4520 383
4530 572
4540 480
4550 356
4560 371
4570 371
4580 459
4590 457
4600 465
4610 451
4620 398
4630 380
4640 379
4650 384
4660 389
4670 427
4680 387
4690 379
4700 382
4710 385
4720 388
4730 385
4740 390
4750 392
4760 396
4770 387
4780 370
4790 356
4800 357
4810 367
4820 365
4830 364
4840 383
4850 400
4860 434
4870 403
4880 410
4890 408
4900 404
4910 407
4920 397
4930 404
4940 583
4950 424
4960 405
4970 395
4980 404
4990 391
5000 399
5010 398
5020 401
5030 397
5040 406
5050 404
5060 414
5070 417
5080 410
5090 406
5100 395
5110 398
5120 415
5130 413
5140 443
5150 450
5160 441
5170 439
5180 440
5190 477
5200 433
5210 422
5220 623
5230 436
5240 428
5250 453
5260 427
5270 434
5280 436
5290 438
5300 429
5310 427
5320 434
5330 428
5340 408
5350 404
5360 415
5370 418
5380 445
5390 451
5400 440
5410 470
5420 486
5430 476
5440 467
5450 484
5460 482
5470 460
5480 469
5490 604
5500 481
5510 457
5520 448
5530 442
5540 444
5550 458
5560 425
5570 426
5580 434
5590 441
5600 437
5610 447
5620 436
5630 437
5640 460
5650 440
5660 440
5670 444
5680 433
5690 449
5700 450
5710 461
5720 439
5730 439
5740 441
5750 444
5760 452
5770 443
5780 450
5790 482
5800 488
5810 506
5820 505
5830 500
5840 499
5850 483
5860 493
5870 634
5880 509
5890 475
5900 481
5910 491
5920 489
5930 483
5940 466
5950 462
5960 483
5970 456
5980 461
5990 484
6000 482
6010 466
6020 472
6030 469
6040 537
6050 544
6060 551
6070 534
6080 545
6090 522
6100 511
6110 591
6120 557
6130 574
6140 476
6150 485
6160 475
6170 480
6180 492
6190 485
6200 528
6210 511
6220 499
6230 502
6240 508
6250 494
6260 536
6270 491
6280 503
6290 496
6300 505
6310 504
6320 513
6330 518
6340 484
6350 502
6360 496
6370 535
6380 527
6390 534
6400 537
6410 545
6420 532
6430 558
6440 689
6450 523
6460 570
6470 536
6480 587
6490 524
6500 522
6510 519
6520 525
6530 528
6540 515
6550 515
6560 528
6570 529
6580 529
6590 548
6600 555
6610 556
6620 552
6630 556
6640 556
6650 603
6660 591
6670 647
6680 554
6690 703
6700 564
6710 559
6720 540
6730 563
6740 539
6750 555
6760 569
6770 735
6780 578
6790 541
6800 544
6810 588
6820 576
6830 599
6840 608
6850 605
6860 590
6870 581
6880 858
6890 583
6900 610
6910 614
6920 573
6930 589
6940 659
6950 599
6960 593
6970 606
6980 596
6990 582
7000 600
7010 603
7020 579
7030 567
7040 579
7050 591
7060 568
7070 580
7080 588
7090 573
7100 571
7110 614
7120 631
7130 632
7140 623
7150 641
7160 612
7170 655
7180 773
7190 624
7200 613
7210 619
7220 620
7230 593
7240 596
7250 607
7260 575
7270 592
7280 608
7290 586
7300 608
7310 630
7320 620
7330 643
7340 638
7350 672
7360 615
7370 891
7380 790
7390 614
7400 605
7410 595
7420 615
7430 635
7440 606
7450 600
7460 595
7470 606
7480 604
7490 595
7500 603
7510 600
7520 608
7530 599
7540 597
7550 599
7560 605
7570 677
7580 653
7590 659
7600 687
7610 686
7620 653
7630 651
7640 652
7650 668
7660 704
7670 675
7680 668
7690 665
7700 728
7710 724
7720 667
7730 640
7740 658
7750 701
7760 687
7770 656
7780 662
7790 677
7800 667
7810 680
7820 871
7830 708
7840 673
7850 659
7860 687
7870 681
7880 662
7890 661
7900 650
7910 973
7920 689
7930 697
7940 681
7950 681
7960 703
7970 680
7980 689
7990 918
8000 717
8010 691
8020 716
8030 675
8040 665
8050 712
8060 650
8070 712
8080 662
8090 672
8100 666
8110 665
8120 679
8130 683
8140 671
8150 685
8160 654
8170 646
8180 666
8190 930
8200 748
8210 734
8220 752
8230 701
8240 882
8250 738
8260 701
8270 721
8280 691
8290 696
8300 751
8310 681
8320 679
8330 681
8340 671
8350 694
8360 716
8370 726
8380 713
8390 751
8400 746
8410 737
8420 922
8430 751
8440 754
8450 695
8460 686
8470 688
8480 736
8490 693
8500 680
8510 700
8520 686
8530 679
8540 698
8550 719
8560 686
8570 696
8580 698
8590 715
8600 733
8610 731
8620 732
8630 743
8640 741
8650 750
8660 953
8670 737
8680 792
8690 723
8700 703
8710 701
8720 781
8730 702
8740 718
8750 725
8760 768
8770 769
8780 764
8790 791
8800 770
8810 823
8820 853
8830 767
8840 757
8850 767
8860 763
8870 753
8880 765
8890 741
8900 742
8910 789
8920 766
8930 754
8940 855
8950 791
8960 801
8970 975
8980 811
8990 829
9000 768
9010 739
9020 746
9030 756
9040 738
9050 980
9060 742
9070 730
9080 750
9090 728
9100 742
9110 721
9120 744
9130 746
9140 797
9150 794
9160 787
9170 804
9180 820
9190 955
9200 796
9210 783
9220 803
9230 1045
9240 771
9250 778
9260 740
9270 771
9280 748
9290 757
9300 795
9310 819
9320 816
9330 838
9340 801
9350 875
9360 1000
9370 781
9380 794
9390 802
9400 858
9410 816
9420 787
9430 775
9440 767
9450 773
9460 787
9470 750
9480 760
9490 815
9500 822
9510 829
9520 831
9530 817
9540 835
9550 938
9560 833
9570 852
9580 807
9590 818
9600 814
9610 799
9620 777
9630 801
9640 789
9650 787
9660 818
9670 842
9680 848
9690 858
9700 853
9710 894
9720 1200
9730 866
9740 816
9750 799
9760 793
9770 802
9780 789
9790 813
9800 860
9810 854
9820 856
9830 870
9840 1028
9850 870
9860 851
9870 853
9880 842
9890 860
9900 830
9910 847
9920 804
9930 811
9940 815
9950 809
9960 817
9970 816
9980 822
9990 811
10000 858
