100 2
110 2
120 2
130 4
140 2
150 2
160 3
170 3
180 3
190 3
200 4
210 3
220 3
230 3
240 3
250 4
260 4
270 4
280 4
290 5
300 5
310 5
320 6
330 6
340 5
350 6
360 8
370 7
380 7
390 7
400 7
410 7
420 9
430 8
440 8
450 8
460 8
470 8
480 8
490 8
500 8
510 9
520 9
530 9
540 10
550 9
560 11
570 11
580 10
590 11
600 11
610 11
620 11
630 13
640 11
650 12
660 12
670 12
680 13
690 13
700 13
710 17
720 13
730 18
740 14
750 14
760 14
770 15
780 15
790 14
800 15
810 15
820 15
830 15
840 16
850 16
860 16
870 17
880 16
890 17
900 16
910 17
920 17
930 17
940 17
950 16
960 17
970 18
980 18
990 18
1000 18
1010 18
1020 18
1030 18
1040 18
1050 18
1060 19
1070 18
1080 19
1090 20
1100 19
1110 20
1120 20
1130 21
1140 21
1150 20
1160 21
1170 22
1180 21
1190 22
1200 23
1210 33
1220 27
1230 38
1240 29
1250 29
1260 29
1270 25
1280 24
1290 25
1300 24
1310 25
1320 25
1330 25
1340 26
1350 26
1360 26
1370 26
1380 26
1390 27
1400 27
1410 27
1420 27
1430 27
1440 34
1450 28
1460 29
1470 29
1480 29
1490 29
1500 29
1510 29
1520 29
1530 30
1540 30
1550 31
1560 30
1570 30
1580 30
1590 31
1600 31
1610 31
1620 32
1630 30
1640 31
1650 30
1660 30
1670 31
1680 32
1690 31
1700 32
1710 32
1720 32
1730 33
1740 33
1750 34
1760 33
1770 34
1780 33
1790 33
1800 33
1810 34
1820 34
1830 35
1840 43
1850 34
1860 34
1870 35
1880 34
1890 34
1900 34
1910 34
1920 35
1930 35
1940 36
1950 35
1960 38
1970 36
1980 36
1990 37
2000 38
2010 38
2020 40
2030 40
2040 38
2050 38
2060 38
2070 41
2080 39
2090 39
2100 39
2110 39
2120 39
2130 40
2140 39
2150 40
2160 39
2170 44
2180 41
2190 43
2200 45
2210 46
2220 47
2230 42
2240 42
2250 43
2260 43
2270 42
2280 43
2290 43
2300 44
2310 44
2320 53
2330 46
2340 45
2350 45
2360 46
2370 46
2380 48
2390 48
2400 47
2410 48
2420 48
2430 47
2440 60
2450 51
2460 51
2470 51
2480 50
2490 52
2500 51
2510 51
2520 52
2530 52
2540 54
2550 53
2560 51
2570 51
2580 52
2590 55
2600 57
2610 52
2620 52
2630 53
2640 53
2650 53
2660 56
2670 56
2680 55
2690 55
2700 54
2710 56
2720 63
2730 56
2740 56
2750 56
2760 57
2770 60
2780 59
2790 60
2800 58
2810 56
2820 59
2830 62
2840 63
2850 58
2860 59
2870 58
2880 58
2890 63
2900 62
2910 60
2920 60
2930 60
2940 60
2950 60
2960 60
2970 62
2980 62
2990 64
3000 62
3010 62
3020 63
3030 65
3040 64
3050 84
3060 71
3070 65
3080 72
3090 67
3100 65
3110 65
3120 64
3130 64
3140 65
3150 66
3160 65
3170 65
3180 65
3190 64
3200 65
3210 65
3220 66
3230 67
3240 66
3250 66
3260 66
3270 67
3280 67
3290 66
3300 67
3310 67
3320 67
3330 69
3340 91
3350 74
3360 76
3370 76
3380 84
3390 73
3400 72
3410 73
3420 71
3430 71
3440 70
3450 77
3460 71
3470 71
3480 73
3490 73
3500 77
3510 76
3520 74
3530 75
3540 74
3550 74
3560 74
3570 74
3580 78
3590 76
3600 76
3610 78
3620 79
3630 80
3640 79
3650 78
3660 82
3670 91
3680 76
3690 75
3700 74
3710 73
3720 74
3730 76
3740 77
3750 78
3760 77
3770 76
3780 77
3790 76
3800 75
3810 77
3820 78
3830 77
3840 78
3850 90
3860 87
3870 78
3880 78
3890 77
3900 76
3910 78
3920 77
3930 78
3940 79
3950 78
3960 80
3970 79
3980 79
3990 81
4000 79
4010 81
4020 80
4030 80
4040 80
4050 79
4060 80
4070 80
4080 91
4090 85
4100 83
4110 80
4120 80
4130 81
4140 81
4150 80
4160 80
4170 85
4180 81
4190 82
4200 82
4210 90
4220 83
4230 83
4240 83
4250 87
4260 87
4270 87
4280 86
4290 88
4300 87
4310 88
4320 91
4330 93
4340 100
4350 92
4360 93
4370 93
4380 94
4390 101
4400 95
4410 107
4420 96
4430 92
4440 95
4450 97
4460 95
4470 94
4480 95
4490 96
4500 98
4510 100
4520 96
4530 93
4540 93
4550 94
4560 94
4570 94
4580 94
4590 95
4600 95
4610 96
4620 107
4630 101
4640 97
4650 98
4660 99
4670 99
4680 99
4690 99
4700 98
4710 106
4720 99
4730 99
4740 99
4750 101
4760 101
4770 101
4780 101
4790 101
4800 100
4810 101
4820 104
4830 107
4840 103
4850 117
4860 105
4870 109
4880 111
4890 106
4900 104
4910 106
4920 113
4930 119
4940 110
4950 112
4960 111
4970 111
4980 119
4990 111
5000 113
5010 114
5020 112
5030 113
5040 116
5050 120
5060 112
5070 112
5080 113
5090 122
5100 117
5110 123
5120 110
5130 146
5140 143
5150 116
5160 113
5170 133
5180 113
5190 116
5200 124
5210 117
5220 112
5230 112
5240 114
5250 121
5260 152
5270 117
5280 118
5290 121
5300 116
5310 116
5320 121
5330 119
5340 115
5350 115
5360 116
5370 117
5380 116
5390 118
5400 118
5410 124
5420 119
5430 119
5440 121
5450 121
5460 120
5470 120
5480 120
5490 120
5500 132
5510 130
5520 128
5530 132
5540 125
5550 125
5560 123
5570 124
5580 121
5590 131
5600 120
5610 120
5620 120
5630 121
5640 125
5650 124
5660 124
5670 125
5680 132
5690 152
5700 128
5710 127
5720 127
5730 125
5740 125
5750 125
5760 125
5770 126
5780 126
5790 126
5800 130
5810 135
5820 129
5830 129
5840 129
5850 128
5860 128
5870 129
5880 130
5890 129
5900 130
5910 131
5920 135
5930 146
5940 147
5950 134
5960 134
5970 134
5980 133
5990 141
6000 136
6010 131
6020 137
6030 135
6040 137
6050 138
6060 138
6070 147
6080 148
6090 145
6100 140
6110 139
6120 139
6130 135
6140 133
6150 134
6160 134
6170 135
6180 137
6190 136
6200 137
6210 137
6220 137
6230 148
6240 137
6250 136
6260 135
6270 135
6280 136
6290 136
6300 139
6310 136
6320 137
6330 137
6340 138
6350 138
6360 147
6370 145
6380 142
6390 145
6400 147
6410 140
6420 140
6430 140
6440 140
6450 148
6460 144
6470 147
6480 166
6490 145
6500 149
6510 146
6520 146
6530 144
6540 149
6550 149
6560 149
6570 149
6580 148
6590 147
6600 148
6610 152
6620 149
6630 144
6640 167
6650 144
6660 144
6670 144
6680 156
6690 145
6700 148
6710 149
6720 150
6730 157
6740 150
6750 148
6760 148
6770 148
6780 149
6790 149
6800 161
6810 150
6820 151
6830 156
6840 158
6850 151
6860 158
6870 160
6880 151
6890 151
6900 150
6910 151
6920 153
6930 154
6940 164
6950 161
6960 153
6970 154
6980 156
6990 168
7000 157
7010 157
7020 153
7030 152
7040 152
7050 153
7060 154
7070 153
7080 154
7090 155
7100 155
7110 163
7120 156
7130 164
7140 152
7150 153
7160 154
7170 160
7180 155
7190 154
7200 154
7210 155
7220 156
7230 160
7240 160
7250 170
7260 165
7270 159
7280 158
7290 158
7300 165
7310 160
7320 162
7330 175
7340 176
7350 172
7360 171
7370 174
7380 173
7390 173
7400 176
7410 181
7420 169
7430 162
7440 163
7450 271
7460 164
7470 162
7480 163
7490 164
7500 163
7510 164
7520 164
7530 164
7540 163
7550 162
7560 177
7570 167
7580 164
7590 164
7600 164
7610 175
7620 177
7630 171
7640 165
7650 164
7660 173
7670 167
7680 167
7690 169
7700 173
7710 175
7720 177
7730 175
7740 175
7750 174
7760 174
7770 172
7780 172
7790 221
7800 206
7810 165
7820 168
7830 176
7840 165
7850 174
7860 168
7870 169
7880 174
7890 184
7900 169
7910 170
7920 170
7930 170
7940 172
7950 174
7960 174
7970 175
7980 175
7990 186
8000 182
8010 183
8020 182
8030 172
8040 176
8050 183
8060 185
8070 177
8080 179
8090 178
8100 192
8110 186
8120 186
8130 187
8140 187
8150 187
8160 182
8170 189
8180 184
8190 181
8200 186
8210 176
8220 176
8230 191
8240 178
8250 179
8260 182
8270 213
8280 186
8290 181
8300 182
8310 182
8320 181
8330 182
8340 182
8350 189
8360 191
8370 184
8380 184
8390 189
8400 198
8410 194
8420 188
8430 188
8440 183
8450 187
8460 195
8470 189
8480 187
8490 190
8500 188
8510 187
8520 203
8530 195
8540 199
8550 236
8560 232
8570 231
8580 220
8590 211
8600 191
8610 207
8620 190
8630 190
8640 222
8650 202
8660 244
8670 194
8680 189
8690 192
8700 190
8710 192
8720 193
8730 220
8740 202
8750 200
8760 210
8770 203
8780 198
8790 195
8800 197
8810 198
8820 194
8830 194
8840 195
8850 195
8860 195
8870 199
8880 199
8890 193
8900 194
8910 222
8920 197
8930 195
8940 195
8950 195
8960 229
8970 200
8980 199
8990 197
9000 199
9010 206
9020 205
9030 203
9040 204
9050 211
9060 203
9070 210
9080 210
9090 209
9100 208
9110 209
9120 213
9130 217
9140 233
9150 215
9160 283
9170 208
9180 204
9190 204
9200 207
9210 225
9220 206
9230 206
9240 207
9250 220
9260 210
9270 211
9280 222
9290 213
9300 218
9310 239
9320 235
9330 215
9340 217
9350 221
9360 217
9370 222
9380 227
9390 225
9400 219
9410 219
9420 219
9430 219
9440 221
9450 222
9460 217
9470 236
9480 224
9490 223
9500 229
9510 215
9520 216
9530 234
9540 219
9550 216
9560 230
9570 216
9580 216
9590 216
9600 217
9610 224
9620 218
9630 224
9640 238
9650 220
9660 229
9670 233
9680 231
9690 227
9700 222
9710 222
9720 220
9730 220
9740 219
9750 219
9760 219
9770 226
9780 221
9790 226
9800 229
9810 229
9820 236
9830 234
9840 231
9850 247
9860 229
9870 255
9880 234
9890 234
9900 236
9910 228
9920 228
9930 230
9940 263
9950 229
9960 262
9970 237
9980 253
9990 239
10000 231
