100 11
110 13
120 15
130 18
140 20
150 22
160 25
170 28
180 31
190 36
200 38
210 41
220 47
230 50
240 57
250 59
260 63
270 67
280 73
290 77
300 83
310 90
320 95
330 113
340 108
350 108
360 112
370 147
380 135
390 136
400 137
410 144
420 154
430 171
440 170
450 173
460 180
470 190
480 201
490 204
500 211
510 220
520 232
530 245
540 259
550 270
560 282
570 288
580 296
590 307
600 321
610 339
620 345
630 345
640 354
650 372
660 389
670 407
680 406
690 409
700 434
710 477
720 434
730 477
740 470
750 501
760 542
770 500
780 509
790 535
800 555
810 560
820 580
830 586
840 631
850 610
860 620
870 654
880 651
890 661
900 705
910 707
920 706
930 732
940 754
950 791
960 793
970 824
980 814
990 830
1000 841
1010 849
1020 877
1030 899
1040 950
1050 1008
1060 936
1070 952
1080 993
1090 999
1100 1008
1110 1046
1120 1075
1130 1076
1140 1089
1150 1100
1160 1149
1170 1196
1180 1194
1190 1219
1200 1214
1210 1232
1220 1240
1230 1282
1240 1325
1250 1302
1260 1349
1270 1369
1280 1395
1290 1412
1300 1398
1310 1458
1320 1465
1330 1500
1340 1537
1350 1538
1360 1552
1370 1645
1380 1658
1390 1752
1400 1677
1410 1749
1420 1740
1430 1712
1440 1729
1450 1753
1460 1815
1470 1810
1480 1843
1490 1882
1500 1908
1510 1889
1520 1951
1530 2259
1540 2404
1550 2121
1560 2123
1570 2178
1580 2187
1590 2213
1600 2216
1610 2205
1620 2251
1630 2316
1640 2344
1650 2352
1660 2322
1670 2339
1680 2393
1690 2394
1700 2441
1710 2785
1720 2954
1730 2605
1740 2578
1750 2595
1760 2682
1770 2639
1780 2632
1790 2715
1800 2702
1810 2726
1820 2799
1830 2797
1840 2896
1850 2845
1860 2916
1870 2919
1880 2946
1890 3006
1900 3010
1910 3103
1920 3039
1930 3108
1940 3136
1950 3169
1960 3159
1970 3247
1980 3265
1990 3318
2000 3995
2010 3593
2020 3523
2030 3446
2040 3465
2050 3557
2060 3537
2070 3555
2080 3616
2090 3619
2100 3658
2110 4059
2120 3983
2130 3849
2140 3797
2150 3870
2160 3826
2170 3852
2180 3900
2190 3948
2200 4004
2210 4019
2220 5146
2230 5013
2240 4279
2250 4203
2260 4201
2270 4267
2280 4274
2290 4313
2300 4282
2310 4473
2320 4412
2330 4424
2340 4510
2350 4507
2360 4532
2370 4552
2380 4709
2390 4673
2400 4776
2410 4773
2420 4857
2430 4912
2440 4966
2450 4957
2460 5002
2470 5041
2480 5089
2490 6318
2500 5251
2510 5285
2520 5345
2530 5323
2540 5361
2550 5391
2560 5543
2570 5449
2580 5432
2590 5558
2600 5640
2610 5678
2620 5761
2630 5654
2640 6673
2650 5903
2660 5923
2670 5915
2680 5903
2690 6032
2700 6303
2710 6724
2720 6152
2730 6237
2740 6242
2750 6300
2760 6307
2770 7150
2780 6492
2790 6505
2800 6492
2810 6510
2820 6572
2830 6649
2840 6603
2850 6700
2860 6740
2870 6776
2880 6815
2890 6898
2900 6941
2910 6993
2920 7061
2930 7015
2940 7062
2950 7838
2960 7922
2970 7421
2980 7477
2990 7496
3000 7483
3010 8189
3020 7875
3030 7699
3040 7725
3050 7735
3060 7870
3070 7886
3080 7794
3090 7884
3100 8025
3110 8170
3120 8579
3130 8099
3140 8106
3150 8192
3160 8708
3170 8852
3180 8376
3190 8464
3200 8504
3210 9290
3220 9108
3230 8745
3240 8572
3250 8646
3260 8750
3270 9597
3280 9481
3290 9016
3300 9005
3310 9247
3320 9115
3330 9198
3340 9149
3350 10350
3360 9430
3370 9458
3380 9689
3390 9925
3400 9772
3410 9609
3420 9705
3430 9855
3440 9851
3450 9929
3460 9932
3470 9968
3480 10874
3490 10171
3500 10171
3510 10206
3520 11158
3530 10326
3540 10356
3550 10402
3560 11904
3570 10836
3580 10652
3590 10773
3600 10913
3610 10745
3620 10863
3630 10874
3640 11266
3650 11043
3660 11217
3670 12464
3680 11290
3690 11351
3700 11615
3710 11625
3720 11549
3730 11576
3740 11678
3750 11532
3760 11578
3770 11513
3780 12234
3790 11756
3800 11827
3810 12016
3820 12374
3830 12068
3840 12069
3850 12606
3860 12262
3870 12254
3880 12513
3890 12599
3900 12469
3910 12518
3920 13993
3930 12693
3940 12809
3950 12924
3960 13102
3970 12960
3980 12949
3990 13018
4000 13112
4010 14138
4020 13662
4030 13437
4040 14010
4050 13715
4060 13880
4070 14642
4080 14084
4090 13983
4100 14030
4110 14008
4120 14099
4130 14781
4140 14332
4150 14527
4160 14921
4170 14454
4180 14723
4190 15600
4200 15045
4210 15175
4220 15765
4230 14870
4240 14939
4250 14976
4260 15042
4270 15119
4280 15116
4290 15205
4300 16151
4310 15302
4320 15715
4330 15680
4340 15672
4350 16294
4360 15672
4370 15794
4380 15956
4390 15849
4400 16393
4410 15961
4420 15969
4430 17036
4440 16108
4450 16851
4460 16396
4470 16489
4480 18968
4490 16893
4500 16903
4510 17042
4520 16960
4530 17209
4540 17167
4550 18434
4560 17510
4570 17857
4580 17426
4590 17423
4600 17426
4610 17494
4620 18242
4630 17955
4640 18437
4650 18011
4660 17827
4670 19276
4680 17941
4690 18043
4700 18062
4710 18122
4720 18346
4730 18443
4740 20612
4750 18614
4760 19350
4770 18760
4780 18927
4790 19034
4800 19940
4810 19130
4820 19942
4830 19331
4840 20850
4850 19765
4860 19437
4870 19556
4880 19607
4890 19740
4900 19738
4910 21089
4920 19777
4930 20756
4940 20091
4950 20262
4960 20127
4970 21160
4980 20298
4990 21407
5000 20506
5010 21680
5020 20740
5030 20918
5040 20963
5050 21068
5060 21125
5070 22542
5080 21968
5090 21456
5100 21222
5110 21233
5120 22285
5130 21732
5140 22223
5150 21815
5160 23541
5170 22134
5180 22061
5190 22174
5200 22185
5210 22332
5220 24197
5230 23138
5240 22619
5250 22478
5260 22757
5270 23752
5280 22964
5290 23584
5300 22951
5310 24276
5320 23351
5330 23261
5340 23510
5350 23691
5360 25545
5370 23542
5380 24633
5390 24034
5400 23948
5410 24774
5420 24124
5430 24775
5440 25121
5450 25562
5460 24410
5470 24539
5480 24833
5490 25725
5500 25247
5510 25296
5520 24858
5530 24889
5540 25551
5550 25304
5560 26267
5570 25420
5580 26808
5590 25731
5600 25731
5610 25892
5620 25998
5630 28957
5640 27201
5650 26582
5660 26614
5670 27192
5680 26702
5690 27604
5700 30970
5710 30059
5720 27115
5730 26937
5740 26854
5750 28301
5760 27835
5770 27424
5780 27846
5790 29465
5800 27417
5810 28157
5820 28104
5830 28131
5840 29198
5850 28995
5860 28396
5870 28313
5880 29803
5890 29645
5900 29384
5910 30694
5920 29831
5930 29169
5940 29182
5950 30615
5960 30132
5970 28994
5980 29291
5990 30204
6000 30204
6010 29867
6020 31698
6030 29889
6040 29788
6050 30024
6060 31673
6070 30960
6080 30341
6090 31077
6100 30682
6110 31501
6120 30853
6130 32334
6140 31854
6150 31832
6160 31373
6170 32647
6180 31182
6190 31639
6200 32018
6210 32556
6220 32661
6230 32967
6240 33742
6250 32049
6260 32029
6270 32107
6280 34231
6290 34012
6300 32878
6310 34007
6320 32773
6330 32688
6340 33412
6350 33043
6360 34309
6370 34200
6380 34240
6390 35701
6400 34472
6410 34155
6420 34284
6430 35419
6440 35391
6450 34802
6460 35492
6470 34833
6480 35475
6490 36485
6500 35408
6510 35474
6520 36603
6530 36124
6540 35353
6550 35963
6560 36115
6570 36405
6580 38331
6590 36226
6600 36579
6610 37892
6620 36611
6630 36167
6640 37543
6650 37932
6660 36353
6670 36612
6680 37847
6690 36835
6700 37142
6710 37222
6720 38016
6730 38221
6740 37522
6750 37625
6760 38870
6770 37860
6780 38500
6790 39089
6800 38294
6810 38103
6820 38780
6830 39270
6840 38561
6850 40059
6860 39967
6870 41644
6880 39261
6890 38805
6900 40396
6910 39348
6920 40281
6930 40082
6940 40369
6950 39369
6960 39909
6970 40928
6980 40098
6990 41077
7000 41521
7010 42277
7020 40873
7030 40999
7040 42143
7050 41312
7060 41370
7070 41341
7080 43113
7090 43453
7100 43289
7110 42885
7120 41974
7130 42773
7140 43254
7150 41915
7160 41778
7170 43247
7180 42262
7190 43352
7200 43443
7210 44409
7220 42750
7230 43034
7240 44067
7250 43378
7260 44832
7270 44464
7280 44240
7290 44783
7300 43559
7310 44953
7320 45491
7330 45934
7340 44447
7350 44345
7360 45370
7370 45262
7380 46382
7390 45576
7400 44894
7410 45921
7420 45477
7430 45739
7440 46529
7450 47841
7460 45379
7470 45618
7480 47511
7490 45938
7500 48181
7510 46596
7520 46790
7530 47866
7540 46643
7550 47247
7560 47898
7570 46954
7580 48249
7590 48050
7600 48278
7610 48895
7620 47556
7630 47944
7640 50322
7650 49000
7660 51138
7670 49634
7680 49494
7690 51028
7700 49528
7710 49395
7720 49488
7730 50273
7740 51368
7750 51222
7760 49989
7770 49458
7780 51409
7790 52438
7800 50338
7810 50171
7820 52901
7830 50713
7840 51030
7850 51726
7860 53282
7870 52059
7880 52758
7890 51921
7900 52086
7910 52501
7920 52789
7930 51780
7940 52984
7950 52813
7960 55848
7970 58806
7980 53802
7990 53158
8000 53061
8010 54945
8020 53424
8030 53854
8040 56635
8050 54088
8060 53886
8070 56310
8080 55964
8090 54207
8100 55071
8110 54783
8120 55017
8130 55821
8140 54871
8150 56060
8160 55575
8170 55518
8180 55136
8190 56460
8200 56920
8210 55778
8220 54928
8230 56370
8240 55866
8250 57113
8260 55680
8270 57033
8280 56922
8290 57217
8300 57339
8310 57890
8320 56905
8330 59320
8340 57368
8350 57591
8360 60661
8370 57620
8380 58303
8390 58708
8400 58193
8410 61517
8420 60193
8430 59098
8440 60167
8450 59360
8460 60208
8470 63855
8480 59205
8490 59516
8500 61135
8510 59445
8520 61514
8530 60599
8540 59693
8550 60749
8560 60912
8570 61013
8580 63330
8590 61318
8600 63667
8610 62524
8620 62688
8630 63185
8640 63148
8650 61106
8660 62187
8670 62345
8680 62506
8690 62807
8700 64328
8710 63469
8720 64787
8730 62745
8740 65151
8750 62843
8760 64242
8770 65339
8780 63861
8790 65193
8800 64908
8810 65244
8820 66830
8830 64018
8840 67367
8850 66206
8860 65532
8870 64435
8880 66531
8890 67402
8900 65968
8910 67229
8920 66016
8930 68191
8940 67910
8950 66048
8960 67251
8970 67540
8980 69396
8990 66723
9000 69735
9010 69179
9020 67601
9030 69839
9040 69462
9050 67470
9060 69728
9070 70462
9080 69082
9090 71959
9100 71576
9110 68988
9120 70539
9130 70573
9140 69704
9150 70556
9160 71922
9170 69651
9180 71031
9190 70763
9200 71570
9210 71384
9220 69840
9230 71999
9240 70102
9250 71313
9260 71914
9270 71944
9280 75359
9290 76464
9300 74242
9310 74452
9320 73505
9330 74226
9340 74041
9350 73335
9360 74245
9370 73619
9380 72454
9390 76955
9400 81625
9410 78155
9420 75167
9430 76061
9440 75238
9450 73437
9460 74465
9470 76283
9480 77395
9490 79271
9500 79311
9510 74420
9520 77400
9530 76934
9540 74623
9550 77240
9560 75910
9570 78490
9580 77042
9590 77397
9600 78704
9610 81168
9620 82545
9630 79949
9640 78672
9650 77017
9660 78216
9670 78581
9680 80539
9690 80482
9700 80269
9710 80889
9720 81136
9730 79828
9740 78742
9750 80205
9760 81403
9770 87554
9780 83790
9790 84800
9800 85152
9810 83584
9820 82875
9830 84646
9840 84936
9850 83438
9860 82557
9870 82372
9880 81603
9890 83668
9900 83523
9910 82139
9920 82814
9930 82904
9940 83083
9950 83973
9960 82908
9970 82704
9980 83617
9990 83632
10000 85766
