100 48
110 56
120 64
130 80
140 90
150 98
160 112
170 123
180 136
190 153
200 165
210 204
220 196
230 214
240 235
250 251
260 271
270 291
280 318
290 335
300 355
310 379
320 399
330 425
340 435
350 440
360 459
370 493
380 513
390 537
400 571
410 616
420 718
430 712
440 737
450 769
460 807
470 846
480 805
490 843
500 895
510 920
520 995
530 1055
540 1033
550 1073
560 1088
570 1128
580 1169
590 1199
600 1172
610 1269
620 1243
630 1264
640 1305
650 1351
660 1384
670 1344
680 1391
690 1412
700 1533
710 1489
720 1544
730 1578
740 1614
750 1659
760 1713
770 1979
780 2032
790 1987
800 2041
810 2066
820 2072
830 2116
840 2192
850 2230
860 2181
870 2233
880 2294
890 2505
900 2381
910 2386
920 2333
930 2532
940 2685
950 3403
960 3409
970 3423
980 3103
990 3036
1000 3140
1010 3085
1020 1867
1030 1040
1040 1047
1050 1066
1060 1094
1070 1121
1080 3118
1090 3148
1100 3127
1110 3198
1120 2969
1130 1494
1140 1313
1150 1286
1160 1305
1170 1346
1180 1426
1190 1369
1200 1393
1210 1395
1220 1438
1230 1461
1240 1807
1250 1474
1260 1514
1270 1533
1280 1568
1290 1590
1300 1592
1310 1623
1320 1656
1330 1701
1340 1690
1350 1744
1360 1752
1370 1795
1380 1806
1390 1832
1400 1874
1410 1901
1420 1928
1430 1925
1440 1997
1450 1979
1460 2069
1470 2041
1480 2093
1490 2093
1500 2145
1510 2151
1520 2184
1530 2227
1540 2243
1550 2262
1560 2290
1570 2361
1580 2370
1590 2407
1600 2475
1610 2467
1620 2540
1630 2618
1640 2580
1650 2668
1660 2730
1670 2688
1680 2696
1690 2739
1700 3159
1710 3120
1720 2840
1730 2864
1740 2843
1750 2914
1760 2995
1770 2994
1780 2952
1790 3017
1800 3348
1810 3451
1820 3438
1830 3482
1840 4066
1850 3549
1860 3835
1870 3582
1880 3907
1890 3654
1900 3443
1910 3435
1920 3447
1930 3521
1940 3524
1950 3616
1960 3640
1970 3675
1980 3734
1990 3756
2000 3765
2010 3792
2020 3824
2030 3863
2040 4552
2050 4056
2060 4020
2070 4033
2080 4103
2090 4079
2100 4156
2110 4189
2120 4215
2130 4267
2140 5145
2150 4406
2160 4402
2170 4420
2180 4448
2190 4494
2200 4526
2210 4571
2220 4647
2230 5485
2240 4883
2250 4792
2260 4788
2270 4818
2280 4855
2290 4901
2300 5054
2310 5071
2320 5114
2330 5104
2340 5124
2350 5156
2360 5203
2370 5236
2380 5391
2390 5402
2400 5499
2410 5459
2420 5518
2430 5501
2440 5567
2450 5870
2460 6674
2470 5873
2480 5890
2490 5904
2500 5941
2510 5882
2520 6368
2530 6090
2540 6068
2550 6043
2560 6116
2570 6222
2580 6311
2590 6318
2600 6378
2610 6360
2620 6408
2630 6423
2640 6730
2650 6927
2660 6666
2670 6701
2680 6685
2690 6733
2700 6971
2710 7229
2720 7088
2730 6945
2740 6975
2750 7009
2760 7747
2770 7855
2780 7187
2790 7253
2800 7279
2810 7319
2820 7578
2830 7490
2840 7476
2850 7549
2860 7681
2870 7664
2880 7755
2890 7765
2900 7779
2910 7895
2920 8732
2930 8043
2940 8036
2950 8077
2960 8106
2970 8774
2980 8269
2990 8319
3000 8372
3010 8390
3020 8652
3030 8578
3040 8553
3050 8633
3060 9279
3070 8818
3080 8785
3090 8870
3100 9780
3110 9043
3120 9112
3130 9147
3140 9128
3150 10029
3160 9395
3170 9299
3180 9382
3190 9467
3200 9543
3210 9531
3220 9599
3230 9723
3240 9776
3250 9786
3260 9888
3270 10657
3280 10063
3290 10020
3300 10164
3310 10580
3320 10525
3330 10569
3340 10480
3350 10701
3360 10704
3370 10734
3380 11244
3390 11008
3400 10988
3410 10987
3420 12147
3430 11114
3440 11149
3450 11369
3460 12253
3470 11367
3480 11422
3490 11535
3500 11573
3510 11618
3520 11531
3530 11661
3540 11604
3550 11642
3560 12560
3570 11902
3580 11880
3590 12308
3600 12090
3610 12068
3620 12182
3630 12268
3640 12313
3650 12446
3660 13273
3670 12689
3680 13237
3690 13077
3700 12989
3710 12976
3720 13731
3730 13188
3740 13110
3750 13982
3760 13224
3770 13329
3780 15484
3790 13462
3800 13426
3810 13664
3820 13552
3830 13650
3840 13727
3850 13751
3860 14780
3870 14131
3880 13937
3890 14709
3900 14189
3910 14289
3920 14678
3930 14447
3940 14834
3950 15549
3960 15240
3970 15794
3980 16032
3990 15327
4000 16689
4010 15492
4020 15866
4030 15874
4040 15787
4050 16012
4060 16038
4070 16929
4080 16405
4090 16779
4100 17732
4110 17017
4120 17128
4130 17195
4140 17737
4150 17068
4160 17526
4170 17322
4180 17345
4190 17938
4200 16866
4210 16672
4220 16490
4230 16604
4240 16712
4250 16663
4260 17937
4270 16897
4280 17593
4290 17049
4300 17121
4310 17289
4320 17256
4330 18318
4340 17404
4350 18299
4360 17773
4370 18526
4380 17811
4390 17854
4400 17899
4410 17937
4420 18141
4430 18087
4440 19234
4450 18269
4460 18880
4470 18423
4480 18654
4490 18607
4500 19599
4510 18808
4520 20062
4530 18969
4540 20723
4550 19394
4560 19385
4570 19283
4580 19471
4590 19451
4600 20588
4610 19926
4620 20268
4630 19798
4640 20086
4650 20088
4660 20704
4670 20106
4680 20961
4690 20346
4700 21090
4710 20482
4720 20548
4730 20667
4740 20834
4750 20767
4760 22130
4770 21021
4780 21770
4790 21209
4800 21279
4810 21782
4820 21573
4830 22559
4840 21667
4850 22908
4860 21952
4870 22136
4880 22277
4890 22415
4900 22915
4910 22590
4920 23193
4930 22796
4940 23075
4950 23228
4960 23899
4970 23997
4980 23226
4990 24600
5000 23332
5010 23915
5020 24338
5030 23555
5040 24899
5050 23932
5060 24527
5070 24373
5080 24405
5090 24994
5100 25121
5110 25015
5120 26913
5130 24695
5140 25101
5150 25080
5160 25238
5170 26124
5180 26025
5190 25453
5200 25485
5210 26011
5220 25660
5230 26391
5240 26453
5250 25941
5260 26353
5270 26163
5280 26360
5290 27414
5300 27019
5310 26611
5320 26921
5330 27288
5340 26885
5350 27434
5360 28152
5370 27207
5380 27489
5390 27831
5400 27559
5410 28249
5420 28305
5430 27889
5440 28041
5450 28539
5460 28545
5470 28254
5480 28891
5490 28414
5500 28092
5510 28744
5520 29742
5530 29562
5540 29637
5550 29896
5560 30155
5570 31159
5580 31158
5590 30630
5600 30907
5610 30701
5620 31550
5630 30677
5640 31219
5650 31295
5660 31604
5670 31675
5680 31415
5690 32059
5700 31936
5710 31953
5720 32233
5730 32117
5740 32595
5750 32384
5760 32758
5770 32962
5780 33070
5790 32392
5800 33081
5810 33075
5820 33703
5830 33462
5840 33155
5850 33473
5860 33571
5870 33830
5880 34261
5890 33739
5900 34139
5910 34252
5920 34897
5930 34807
5940 34691
5950 34811
5960 35067
5970 35097
5980 35240
5990 35200
6000 35822
6010 36109
6020 35614
6030 35541
6040 35964
6050 36091
6060 35917
6070 38582
6080 36687
6090 36448
6100 36126
6110 36632
6120 36589
6130 37059
6140 37257
6150 36969
6160 37188
6170 37812
6180 37597
6190 37416
6200 37497
6210 38548
6220 37571
6230 37811
6240 38545
6250 37973
6260 39161
6270 38251
6280 38434
6290 38825
6300 39125
6310 39413
6320 38891
6330 39315
6340 40135
6350 40830
6360 39849
6370 39829
6380 40421
6390 40261
6400 40378
6410 40295
6420 40906
6430 40988
6440 40074
6450 38350
6460 40181
6470 39207
6480 39167
6490 43103
6500 46857
6510 40994
6520 39577
6530 40605
6540 40210
6550 39632
6560 40563
6570 40575
6580 41790
6590 40101
6600 40210
6610 41559
6620 41074
6630 40732
6640 41287
6650 41926
6660 42744
6670 41291
6680 41224
6690 42195
6700 42163
6710 41449
6720 42581
6730 42320
6740 42801
6750 41855
6760 42714
6770 42638
6780 42321
6790 44996
6800 43489
6810 43809
6820 43210
6830 42954
6840 44459
6850 43932
6860 43411
6870 44232
6880 45028
6890 43836
6900 44011
6910 45582
6920 44754
6930 44227
6940 45233
6950 45784
6960 46768
6970 44785
6980 45948
6990 45634
7000 45073
7010 45853
7020 46807
7030 46029
7040 45668
7050 47309
7060 46733
7070 46897
7080 47434
7090 47504
7100 46521
7110 46446
7120 47841
7130 47498
7140 47610
7150 47824
7160 48319
7170 47293
7180 48102
7190 48607
7200 47808
7210 48473
7220 49157
7230 49819
7240 48264
7250 49431
7260 49514
7270 48821
7280 50669
7290 50440
7300 49882
7310 51046
7320 50594
7330 50148
7340 50963
7350 52239
7360 50030
7370 50128
7380 51817
7390 50292
7400 51375
7410 51767
7420 52489
7430 51002
7440 52584
7450 51985
7460 51889
7470 52605
7480 53015
7490 51652
7500 52926
7510 52938
7520 52158
7530 52890
7540 53489
7550 54001
7560 54528
7570 53552
7580 54858
7590 54250
7600 55129
7610 54733
7620 55156
7630 55382
7640 55767
7650 55319
7660 55759
7670 55496
7680 56384
7690 55766
7700 56841
7710 56069
7720 56519
7730 57735
7740 56577
7750 57553
7760 56904
7770 57492
7780 58220
7790 58906
7800 57705
7810 58304
7820 58212
7830 58492
7840 59253
7850 58056
7860 59550
7870 58355
7880 59125
7890 58848
7900 59547
7910 58989
7920 60314
7930 59365
7940 60573
7950 60083
7960 60135
7970 60951
7980 60826
7990 60737
8000 62927
8010 60429
8020 61560
8030 61137
8040 61909
8050 61702
8060 61772
8070 62511
8080 62053
8090 62383
8100 62785
8110 64011
8120 62934
8130 63841
8140 63179
8150 63177
8160 63589
8170 62910
8180 64170
8190 63751
8200 63986
8210 65280
8220 63728
8230 64869
8240 64865
8250 64334
8260 65057
8270 65176
8280 64975
8290 65803
8300 67708
8310 66372
8320 66349
8330 65637
8340 66468
8350 66286
8360 66736
8370 66286
8380 66329
8390 66626
8400 64995
8410 66706
8420 65787
8430 67376
8440 66295
8450 67014
8460 67104
8470 68015
8480 68305
8490 66552
8500 68160
8510 67146
8520 67638
8530 67881
8540 68035
8550 67637
8560 67929
8570 69267
8580 67714
8590 69455
8600 68537
8610 69975
8620 69244
8630 68598
8640 70542
8650 69147
8660 70695
8670 70746
8680 70325
8690 69959
8700 70264
8710 71946
8720 70024
8730 72356
8740 70661
8750 71302
8760 74368
8770 72150
8780 71997
8790 72188
8800 72653
8810 71657
8820 73325
8830 72598
8840 75092
8850 72542
8860 73374
8870 73273
8880 75067
8890 75216
8900 75113
8910 74535
8920 75389
8930 74449
8940 73446
8950 75693
8960 74931
8970 76414
8980 76046
8990 75682
9000 75333
9010 76123
9020 75755
9030 75211
9040 77270
9050 76340
9060 76948
9070 75784
9080 77477
9090 77397
9100 79250
9110 78134
9120 79911
9130 79484
9140 82455
9150 79287
9160 80571
9170 79980
9180 84191
9190 83120
9200 83108
9210 82261
9220 82218
9230 82240
9240 81409
9250 81792
9260 82283
9270 82542
9280 82447
9290 83534
9300 83519
9310 82865
9320 82859
9330 83430
9340 83448
9350 84298
9360 83910
9370 85795
9380 84408
9390 86438
9400 85663
9410 86341
9420 85788
9430 85666
9440 86205
9450 86579
9460 85878
9470 86317
9480 86230
9490 86159
9500 86711
9510 86380
9520 89024
9530 86527
9540 87402
9550 87654
9560 87601
9570 87793
9580 88256
9590 88296
9600 90984
9610 90228
9620 89240
9630 90142
9640 89883
9650 89865
9660 90467
9670 90764
9680 89037
9690 87709
9700 89360
9710 89281
9720 88804
9730 88008
9740 89834
9750 88361
9760 90832
9770 89843
9780 90514
9790 90889
9800 89481
9810 90746
9820 88977
9830 91133
9840 91142
9850 91644
9860 91449
9870 91646
9880 91874
9890 90698
9900 92329
9910 93504
9920 93411
9930 91883
9940 92401
9950 92410
9960 91527
9970 93203
9980 93525
9990 93263
10000 93608
