10 50.31
20 49.93
30 55.78
40 54.03
50 56.40
60 56.14
70 57.98
80 62.38
90 49.70
100 49.48
110 49.51
120 56.88
130 56.68
140 65.44
150 67.08
160 66.88
170 59.05
180 53.45
190 54.04
200 53.97
210 53.61
220 53.56
230 63.83
240 54.48
250 53.51
260 53.87
270 54.38
280 53.55
290 53.91
300 53.62
310 53.60
320 54.56
330 53.73
340 53.50
350 53.81
360 53.56
370 49.59
380 49.67
390 49.76
400 53.85
410 53.60
420 54.45
430 53.73
440 53.47
450 53.51
460 53.41
470 53.62
480 53.82
490 53.80
500 53.84
510 54.29
520 53.60
530 53.43
540 54.54
550 55.26
560 49.69
570 49.31
580 49.57
590 49.53
600 49.66
610 50.03
620 49.73
630 60.12
640 49.51
650 49.38
660 50.12
670 95.77
680 49.48
690 49.82
700 50.02
710 50.09
720 49.66
730 50.17
740 49.64
750 49.38
760 50.51
770 49.48
780 50.40
790 50.22
800 49.80
810 49.45
820 50.01
830 55.83
840 50.09
850 49.58
860 49.45
870 50.34
880 49.34
890 50.02
900 49.55
910 49.44
920 50.16
930 49.42
940 50.22
950 49.70
960 45.82
970 46.03
980 46.76
990 45.88
1000 45.83
