10 72.77
20 78.59
30 96.78
40 93.61
50 92.30
60 90.96
70 81.48
80 102.81
90 90.78
100 80.78
110 112.93
120 124.87
130 93.41
140 114.02
150 125.06
160 92.36
170 113.67
180 125.64
190 116.14
200 114.62
210 102.90
220 112.06
230 124.62
240 111.89
250 138.65
260 134.02
270 124.35
280 125.21
290 114.02
300 125.04
310 125.81
320 84.16
330 113.64
340 102.16
350 113.30
360 114.74
370 132.86
380 111.98
390 93.80
400 123.55
410 114.11
420 124.13
430 113.37
440 113.50
450 112.88
460 132.83
470 124.74
480 90.54
490 84.21
500 111.75
510 132.35
520 111.18
530 121.87
540 122.79
550 123.46
560 113.81
570 141.23
580 102.92
590 134.00
600 113.39
610 104.08
620 114.02
630 115.86
640 64.91
650 71.57
660 135.06
670 58.58
680 127.10
690 123.47
700 123.35
710 132.14
720 122.08
730 87.74
740 122.40
750 103.10
760 122.07
770 112.99
780 120.46
790 113.44
800 95.59
810 133.89
820 102.58
830 122.13
840 113.13
850 120.26
860 123.34
870 111.83
880 84.77
890 150.08
900 113.21
910 121.70
920 95.20
930 122.83
940 104.27
950 103.74
960 84.42
970 120.07
980 112.26
990 112.34
1000 105.96
