10 177.71
20 112.55
30 111.05
40 122.61
50 122.17
60 121.81
70 132.53
80 132.93
90 131.94
100 132.69
110 132.73
120 142.32
130 146.01
140 143.40
150 144.77
160 141.29
170 132.19
180 129.74
190 130.36
200 129.44
210 130.80
220 130.66
230 130.93
240 131.22
250 147.67
260 140.52
270 144.13
280 140.02
290 142.62
300 143.08
310 139.88
320 142.72
330 141.79
340 142.10
350 142.88
360 143.06
370 142.38
380 142.15
390 142.88
400 140.83
410 141.33
420 141.01
430 141.28
440 144.03
450 140.71
460 141.93
470 141.97
480 141.95
490 140.81
500 142.37
510 142.87
520 153.24
530 153.66
540 152.69
550 153.12
560 153.62
570 153.52
580 140.84
590 139.82
600 141.18
610 138.35
620 153.20
630 153.66
640 139.49
650 137.19
660 138.03
670 140.49
680 140.82
690 138.85
700 138.96
710 138.78
720 127.94
730 128.13
740 128.25
750 127.26
760 130.09
770 127.98
780 128.46
790 128.86
800 127.89
810 127.82
820 129.59
830 128.27
840 127.99
850 128.90
860 128.58
870 128.27
880 127.90
890 128.48
900 130.06
910 128.96
920 126.58
930 129.52
940 130.67
950 121.17
960 120.58
970 121.01
980 117.62
990 119.77
1000 118.24
