10 17.08
20 16.73
30 16.93
40 16.77
50 17.68
60 17.30
70 15.35
80 16.52
90 15.80
100 15.79
110 18.70
120 15.64
130 15.61
140 15.66
150 15.56
160 16.52
170 15.71
180 15.52
190 15.59
200 15.54
210 15.69
220 15.45
230 19.57
240 17.05
250 15.93
260 14.79
270 15.63
280 15.48
290 15.68
300 15.62
310 15.65
320 16.59
330 15.53
340 15.72
350 15.68
360 15.69
370 15.62
380 15.58
390 15.44
400 15.61
410 15.66
420 15.44
430 15.47
440 15.79
450 15.70
460 15.55
470 15.71
480 16.15
490 15.61
500 15.85
510 16.18
520 16.43
530 16.14
540 15.82
550 15.02
560 15.77
570 16.03
580 16.00
590 14.79
600 15.18
610 15.63
620 15.60
630 15.71
640 16.23
650 15.68
660 15.85
670 16.03
680 16.05
690 15.97
700 15.94
710 16.12
720 15.96
730 15.91
740 16.00
750 15.22
760 16.47
770 18.48
780 16.04
790 15.89
800 16.77
810 16.28
820 16.53
830 16.01
840 16.19
850 16.00
860 16.08
870 15.39
880 15.98
890 16.00
900 16.05
910 15.96
920 16.04
930 16.04
940 16.09
950 16.20
960 16.93
970 16.02
980 15.99
990 16.08
1000 16.11
