10 50.55
20 49.15
30 49.14
40 48.92
50 48.62
60 48.05
70 49.02
80 52.41
90 51.62
100 52.88
110 51.91
120 52.52
130 53.12
140 57.23
150 53.23
160 59.42
170 57.09
180 52.62
190 52.22
200 52.16
210 57.28
220 52.83
230 57.73
240 51.72
250 53.03
260 52.88
270 53.15
280 52.41
290 53.22
300 51.80
310 52.41
320 51.65
330 51.62
340 51.67
350 48.01
360 48.70
370 49.81
380 49.73
390 47.85
400 47.95
410 48.77
420 49.31
430 49.48
440 49.20
450 53.31
460 49.40
470 49.34
480 53.31
490 52.43
500 52.32
510 52.70
520 52.46
530 54.52
540 61.79
550 61.49
560 52.98
570 52.41
580 66.41
590 53.73
600 53.96
610 52.37
620 52.37
630 53.74
640 54.74
650 52.50
660 51.78
670 51.77
680 52.60
690 51.73
700 51.73
710 52.75
720 53.70
730 51.65
740 53.39
750 53.21
760 51.80
770 53.12
780 53.08
790 58.62
800 51.68
810 53.35
820 53.03
830 53.20
840 53.04
850 61.10
860 54.22
870 52.35
880 52.79
890 65.92
900 64.09
910 52.23
920 51.73
930 52.48
940 52.38
950 57.70
960 53.51
970 54.01
980 54.30
990 52.62
1000 52.45
