10 103.05
20 111.58
30 120.13
40 141.95
50 155.31
60 136.69
70 151.34
80 145.37
90 149.17
100 143.76
110 157.79
120 163.88
130 160.25
140 155.43
150 162.90
160 165.38
170 160.39
180 159.93
190 168.05
200 175.93
210 167.42
220 180.16
230 168.08
240 173.25
250 170.64
260 179.99
270 184.40
280 177.97
290 183.16
300 175.25
310 185.46
320 172.58
330 188.66
340 180.49
350 179.19
360 179.56
370 177.01
380 182.03
390 186.00
400 190.24
410 186.43
420 197.59
430 187.53
440 187.88
450 184.28
460 185.91
470 185.78
480 187.90
490 191.28
500 185.17
510 196.05
520 200.21
530 194.94
540 211.53
550 195.59
560 240.89
570 200.34
580 204.07
590 227.15
600 217.34
610 227.42
620 220.88
630 224.86
640 193.69
650 199.18
660 194.47
670 202.48
680 214.24
690 178.75
700 185.97
710 185.41
720 198.00
730 206.94
740 205.90
750 195.53
760 209.10
770 196.37
780 188.09
790 193.94
800 196.97
810 210.71
820 206.39
830 191.84
840 206.43
850 210.86
860 187.57
870 191.44
880 188.03
890 199.34
900 185.00
910 192.55
920 196.65
930 195.99
940 189.15
950 189.62
960 195.49
970 191.11
980 190.04
990 194.88
1000 190.24
