10 68.44
20 78.33
30 75.44
40 87.33
50 75.81
60 84.61
70 86.40
80 53.98
90 85.10
100 96.24
110 93.30
120 93.20
130 54.40
140 54.18
150 94.58
160 53.72
170 53.63
180 94.36
190 54.10
200 54.56
210 54.34
220 103.62
230 102.55
240 54.27
250 53.72
260 103.57
270 106.08
280 49.52
290 49.47
300 49.98
310 93.94
320 105.44
330 104.31
340 104.18
350 49.34
360 49.48
370 49.39
380 49.38
390 105.98
400 49.66
410 103.57
420 118.69
430 111.24
440 103.70
450 113.28
460 53.97
470 120.86
480 111.25
490 111.75
500 104.86
510 113.08
520 112.69
530 111.39
540 115.25
550 114.36
560 113.00
570 50.20
580 112.03
590 112.46
600 50.08
610 50.12
620 104.84
630 104.98
640 119.83
650 102.42
660 104.31
670 159.59
680 49.97
690 103.85
700 49.62
710 103.57
720 112.06
730 49.95
740 49.67
750 117.89
760 54.31
770 53.67
780 123.19
790 121.78
800 125.07
810 111.96
820 112.95
830 52.52
840 49.69
850 104.67
860 112.82
870 112.64
880 111.72
890 113.05
900 68.67
910 63.63
920 72.58
930 175.60
940 123.56
950 58.34
960 59.41
970 133.47
980 59.09
990 53.67
1000 53.56
